1 0
3 1
10 2
11 3
13 4
14 5
16 6
17 7
20 8
22 9
31 10
33 11
35 12
38 13
43 14
44 15
49 16
52 17
56 18
59 19
62 20
64 21
66 22
71 23
72 24
74 25
75 26
76 27
79 28
85 29
86 30
90 31
91 32
92 33
93 34
102 35
103 36
104 37
105 38
106 39
107 40
114 41
117 42
118 43
119 44
120 45
121 46
126 47
134 48
136 49
137 50
138 51
143 52
150 53
153 54
154 55
161 56
163 57
164 58
166 59
167 60
168 61
170 62
171 63
172 64
175 65
176 66
178 67
180 68
186 69
187 70
188 71
191 72
195 73
203 74
206 75
211 76
215 77
220 78
234 79
238 80
240 81
244 82
251 83
254 84
255 85
277 86
278 87
280 88
286 89
292 90
294 91
310 92
319 93
325 94
326 95
335 96
337 97
342 98
355 99
359 100
361 101
364 102
367 103
373 104
374 105
377 106
379 107
380 108
382 109
387 110
388 111
389 112
390 113
391 114
393 115
394 116
395 117
397 118
401 119
409 120
415 121
417 122
419 123
421 124
423 125
424 126
427 127
428 128
429 129
431 130
432 131
433 132
435 133
437 134
438 135
439 136
444 137
445 138
447 139
453 140
455 141
458 142
461 143
462 144
463 145
464 146
473 147
474 148
477 149
479 150
480 151
483 152
488 153
491 154
496 155
504 156
508 157
509 158
516 159
522 160
523 161
525 162
527 163
528 164
531 165
534 166
536 167
542 168
545 169
546 170
548 171
551 172
572 173
576 174
596 175
603 176
605 177
619 178
621 179
623 180
628 181
632 182
633 183
635 184
640 185
643 186
644 187
646 188
647 189
650 190
654 191
655 192
656 193
658 194
659 195
660 196
662 197
664 198
669 199
670 200
672 201
673 202
674 203
679 204
681 205
683 206
684 207
685 208
686 209
687 210
688 211
691 212
693 213
694 214
696 215
700 216
705 217
718 218
721 219
723 220
725 221
726 222
732 223
740 224
746 225
756 226
769 227
774 228
775 229
785 230
787 231
794 232
807 233
816 234
820 235
834 236
835 237
836 238
838 239
846 240
854 241
867 242
890 243
891 244
893 245
894 246
895 247
898 248
915 249
918 250
923 251
927 252
932 253
946 254
949 255
954 256
956 257
958 258
959 259
963 260
967 261
968 262
974 263
975 264
978 265
979 266
982 267
986 268
995 269
1003 270
1005 271
1006 272
1008 273
1009 274
1010 275
1011 276
1013 277
1014 278
1017 279
1018 280
1024 281
1028 282
1031 283
1033 284
1034 285
1049 286
1063 287
1069 288
1074 289
1075 290
1090 291
1095 292
1096 293
1101 294
1103 295
1104 296
1108 297
1114 298
1119 299
1120 300
1125 301
1129 302
1140 303
1141 304
1168 305
1172 306
1177 307
1180 308
1200 309
1237 310
1238 311
1250 312
1252 313
1256 314
1258 315
1269 316
1279 317
1294 318
1297 319
1304 320
1318 321
1324 322
1326 323
1329 324
1331 325
1337 326
1352 327
1355 328
1364 329
1365 330
1367 331
1370 332
1371 333
1372 334
1373 335
1374 336
1379 337
1382 338
1389 339
1402 340
1417 341
1423 342
1424 343
1426 344
1427 345
1428 346
1430 347
1431 348
1432 349
1435 350
1438 351
1441 352
1443 353
1448 354
1452 355
1457 356
1459 357
1463 358
1465 359
1485 360
1486 361
1502 362
1517 363
1519 364
1533 365
1539 366
1541 367
1546 368
1550 369
1555 370
1559 371
1562 372
1563 373
1565 374
1573 375
1574 376
1582 377
1592 378
1595 379
1601 380
1602 381
1603 382
1607 383
1609 384
1632 385
1635 386
1639 387
1641 388
1642 389
1643 390
1649 391
1653 392
1658 393
1665 394
1667 395
1671 396
1686 397
1688 398
1694 399
1695 400
1707 401
1709 402
1710 403
1713 404
1720 405
1743 406
1744 407
1746 408
1754 409
1770 410
1775 411
1787 412
1789 413
1792 414
1793 415
1798 416
1803 417
1806 418
1814 419
1816 420
1823 421
1824 422
1825 423
1826 424
1827 425
1832 426
1833 427
1834 428
1835 429
1836 430
1837 431
1838 432
1839 433
1840 434
1841 435
1843 436
1849 437
1854 438
1855 439
1864 440
1866 441
1868 442
1879 443
1899 444
1911 445
1915 446
1916 447
1924 448
1925 449
1954 450
1973 451
1975 452
2000 453
2040 454
2057 455
2080 456
2090 457
2092 458
2102 459
2105 460
2112 461
2114 462
2126 463
2167 464
2177 465
2203 466
2240 467
2246 468
2259 469
2268 470
2283 471
2306 472
2307 473
2314 474
2365 475
2374 476
2376 477
2379 478
2388 479
2406 480
2407 481
2410 482
2426 483
2427 484
2430 485
2432 486
2441 487
2485 488
2490 489
2508 490
2512 491
2521 492
2561 493
2563 494
2571 495
2580 496
2602 497
2606 498
2613 499
2648 500
2659 501
2673 502
2713 503
2726 504
2733 505
2746 506
2749 507
2751 508
2757 509
2758 510
2759 511
2779 512
2800 513
2807 514
2826 515
2832 516
2853 517
2872 518
2879 519
2897 520
2914 521
2923 522
2936 523
2950 524
2969 525
2981 526
2982 527
2985 528
3000 529
3004 530
3006 531
3027 532
3028 533
3053 534
3054 535
3056 536
3066 537
3067 538
3075 539
3076 540
3084 541
3085 542
3089 543
3097 544
3101 545
3103 546
3107 547
3127 548
3134 549
3155 550
3164 551
3165 552
3177 553
3196 554
3202 555
3207 556
3210 557
3228 558
3229 559
3231 560
3234 561
3237 562
3241 563
3268 564
3300 565
3302 566
3307 567
3313 568
3340 569
3353 570
3368 571
3369 572
3374 573
3381 574
3389 575
3391 576
3440 577
3448 578
3450 579
3452 580
3468 581
3490 582
3492 583
3494 584
3508 585
3510 586
3511 587
3512 588
3513 589
3522 590
3527 591
3529 592
3534 593
3537 594
3546 595
3558 596
3561 597
3562 598
3564 599
3572 600
3573 601
3574 602
3579 603
3585 604
3590 605
3627 606
3631 607
3635 608
3637 609
3638 610
3642 611
3669 612
3670 613
3685 614
3688 615
3725 616
3737 617
3740 618
3743 619
3756 620
3785 621
3813 622
3823 623
3863 624
3871 625
3877 626
3896 627
3905 628
3911 629
3921 630
3941 631
3946 632
3947 633
3948 634
3954 635
3955 636
3965 637
3970 638
3977 639
4007 640
4027 641
4034 642
4049 643
4059 644
4088 645
4108 646
4109 647
4117 648
4123 649
4125 650
4130 651
4145 652
4146 653
4147 654
4149 655
4150 656
4172 657
4178 658
4208 659
4211 660
4222 661
4223 662
4230 663
4237 664
4241 665
4255 666
4260 667
4271 668
4272 669
4273 670
4274 671
4282 672
4288 673
4289 674
4292 675
4294 676
4296 677
4323 678
4325 679
4334 680
4337 681
4343 682
4384 683
4394 684
4396 685
4423 686
4437 687
4438 688
4439 689
4451 690
4456 691
4457 692
4458 693
4468 694
4492 695
4493 696
4494 697
4502 698
4507 699
4522 700
4559 701
4591 702
4598 703
4610 704
4622 705
4626 706
4647 707
4650 708
4653 709
4659 710
4683 711
4718 712
4720 713
4729 714
4734 715
4737 716
4746 717
4758 718
4763 719
4764 720
4785 721
4795 722
4797 723
4804 724
4806 725
4815 726
4839 727
4843 728
4851 729
4852 730
4854 731
4857 732
4867 733
4871 734
4884 735
4892 736
4893 737
4907 738
4915 739
4922 740
4923 741
4924 742
4932 743
4935 744
4936 745
4938 746
4940 747
4942 748
4943 749
4944 750
4945 751
4948 752
4951 753
4956 754
4958 755
4963 756
4968 757
4973 758
4976 759
4977 760
4988 761
4994 762
4996 763
4997 764
4998 765
5000 766
5001 767
5008 768
5012 769
5014 770
5015 771
5026 772
5030 773
5036 774
5041 775
5043 776
5044 777
5047 778
5058 779
5063 780
5066 781
5077 782
5078 783
5084 784
5087 785
5094 786
5095 787
5097 788
5101 789
5102 790
5103 791
5107 792
5108 793
5109 794
5110 795
5111 796
5113 797
5114 798
5115 799
5116 800
5117 801
5123 802
5124 803
5129 804
5138 805
5146 806
5149 807
5151 808
5155 809
5157 810
5160 811
5161 812
5168 813
5169 814
5171 815
5174 816
5182 817
5183 818
5184 819
5186 820
5187 821
5188 822
5193 823
5198 824
5201 825
5202 826
5203 827
5204 828
5206 829
5207 830
5208 831
5209 832
5211 833
5213 834
5225 835
5232 836
5233 837
5237 838
5241 839
5248 840
5249 841
5250 842
5252 843
5256 844
5257 845
5258 846
5259 847
5260 848
5277 849
5281 850
5286 851
5291 852
5300 853
5314 854
5315 855
5326 856
5328 857
5329 858
5337 859
5339 860
5346 861
5351 862
5370 863
5404 864
5406 865
5411 866
5434 867
5436 868
5438 869
5439 870
5442 871
5444 872
5449 873
5453 874
5466 875
5471 876
5495 877
5498 878
5505 879
5506 880
5511 881
5522 882
5529 883
5530 884
5540 885
5544 886
5546 887
5560 888
5565 889
5581 890
5584 891
5586 892
5591 893
5597 894
5599 895
5604 896
5605 897
5614 898
5615 899
5616 900
5622 901
5625 902
5628 903
5629 904
5631 905
5640 906
5643 907
5645 908
5648 909
5649 910
5650 911
5652 912
5653 913
5654 914
5669 915
5679 916
5682 917
5684 918
5691 919
5702 920
5703 921
5706 922
5713 923
5725 924
5728 925
5730 926
5736 927
5743 928
5745 929
5750 930
5752 931
5754 932
5755 933
5759 934
5765 935
5775 936
5777 937
5780 938
5784 939
5791 940
5794 941
5799 942
5801 943
5802 944
5818 945
5823 946
5825 947
5828 948
5831 949
5833 950
5837 951
5838 952
5839 953
5840 954
5841 955
5858 956
5859 957
5866 958
5868 959
5873 960
5881 961
5889 962
5890 963
5891 964
5908 965
5909 966
5913 967
5915 968
5919 969
5922 970
5942 971
5950 972
5964 973
5966 974
5985 975
5987 976
5991 977
6020 978
6027 979
6030 980
6042 981
6043 982
6051 983
6056 984
6057 985
6061 986
6066 987
6077 988
6079 989
6085 990
6090 991
6115 992
6126 993
6152 994
6154 995
6155 996
6174 997
6176 998
6177 999
6179 1000
6190 1001
6191 1002
6192 1003
6196 1004
6197 1005
6200 1006
6204 1007
6214 1008
6219 1009
6223 1010
6240 1011
6246 1012
6251 1013
6260 1014
6263 1015
6267 1016
6279 1017
6291 1018
6315 1019
6341 1020
6346 1021
6349 1022
6364 1023
6365 1024
6374 1025
6375 1026
6376 1027
6387 1028
6397 1029
6398 1030
6399 1031
6401 1032
6405 1033
6407 1034
6413 1035
6474 1036
6478 1037
6501 1038
6506 1039
6513 1040
6514 1041
6517 1042
6523 1043
6525 1044
6528 1045
6530 1046
6533 1047
6544 1048
6548 1049
6563 1050
6567 1051
6569 1052
6571 1053
6580 1054
6581 1055
6582 1056
6585 1057
6589 1058
6601 1059
6602 1060
6620 1061
6623 1062
6624 1063
6628 1064
6631 1065
6634 1066
6636 1067
6637 1068
6644 1069
6655 1070
6656 1071
6671 1072
6687 1073
6708 1074
6710 1075
6713 1076
6719 1077
6721 1078
6722 1079
6724 1080
6729 1081
6731 1082
6733 1083
6734 1084
6735 1085
6741 1086
6742 1087
6750 1088
6753 1089
6760 1090
6761 1091
6763 1092
6765 1093
6767 1094
6769 1095
6773 1096
6774 1097
6779 1098
6783 1099
6785 1100
6787 1101
6788 1102
6789 1103
6790 1104
6792 1105
6805 1106
6806 1107
6816 1108
6817 1109
6818 1110
6823 1111
6827 1112
6828 1113
6830 1114
6831 1115
6835 1116
6836 1117
6837 1118
6838 1119
6844 1120
6845 1121
6846 1122
6849 1123
6851 1124
6871 1125
6872 1126
6874 1127
6877 1128
6879 1129
6881 1130
6882 1131
6883 1132
6884 1133
6885 1134
6887 1135
6888 1136
6889 1137
6890 1138
6891 1139
6892 1140
6895 1141
6897 1142
6899 1143
6902 1144
6906 1145
6911 1146
6912 1147
6914 1148
6918 1149
6927 1150
6929 1151
6932 1152
6933 1153
6934 1154
6938 1155
6949 1156
6978 1157
7002 1158
7008 1159
7015 1160
7024 1161
7041 1162
7042 1163
7044 1164
7045 1165
7047 1166
7049 1167
7053 1168
7054 1169
7055 1170
7058 1171
7068 1172
7076 1173
7082 1174
7086 1175
7087 1176
7088 1177
7090 1178
7092 1179
7107 1180
7115 1181
7118 1182
7125 1183
7129 1184
7132 1185
7153 1186
7156 1187
7167 1188
7168 1189
7170 1190
7190 1191
7196 1192
7200 1193
7208 1194
7210 1195
7222 1196
7224 1197
7227 1198
7228 1199
7243 1200
7261 1201
7290 1202
7300 1203
7307 1204
7311 1205
7320 1206
7328 1207
7330 1208
7331 1209
7332 1210
7339 1211
7340 1212
7375 1213
7390 1214
7410 1215
7413 1216
7417 1217
7423 1218
7440 1219
7442 1220
7445 1221
7446 1222
7463 1223
7465 1224
7468 1225
7470 1226
7471 1227
7476 1228
7478 1229
7480 1230
7492 1231
7501 1232
7502 1233
7504 1234
7505 1235
7518 1236
7521 1237
7528 1238
7529 1239
7537 1240
7545 1241
7549 1242
7550 1243
7562 1244
7563 1245
7566 1246
7570 1247
7590 1248
7591 1249
7596 1250
7630 1251
7633 1252
7642 1253
7679 1254
7685 1255
7703 1256
7705 1257
7710 1258
7711 1259
7712 1260
7716 1261
7717 1262
7718 1263
7719 1264
7726 1265
7730 1266
7731 1267
7745 1268
7746 1269
7748 1270
7751 1271
7752 1272
7760 1273
7770 1274
7782 1275
7786 1276
7788 1277
7803 1278
7808 1279
7815 1280
7821 1281
7848 1282
7849 1283
7856 1284
7877 1285
7879 1286
7891 1287
7894 1288
7896 1289
7897 1290
7898 1291
7900 1292
7904 1293
7906 1294
7919 1295
7938 1296
7939 1297
7947 1298
7950 1299
7953 1300
7971 1301
7972 1302
7975 1303
7978 1304
7984 1305
7986 1306
7996 1307
8030 1308
8033 1309
8036 1310
8051 1311
8052 1312
8058 1313
8065 1314
8066 1315
8071 1316
8082 1317
8084 1318
8088 1319
8102 1320
8104 1321
8105 1322
8112 1323
8115 1324
8122 1325
8123 1326
8125 1327
8130 1328
8132 1329
8140 1330
8150 1331
8154 1332
8163 1333
8165 1334
8166 1335
8173 1336
8177 1337
8181 1338
8183 1339
8185 1340
8187 1341
8189 1342
8190 1343
8191 1344
8192 1345
8193 1346
8194 1347
8196 1348
8199 1349
8200 1350
8205 1351
8206 1352
8207 1353
8208 1354
8210 1355
8212 1356
8213 1357
8215 1358
8218 1359
8220 1360
8221 1361
8222 1362
8224 1363
8225 1364
8231 1365
8236 1366
8237 1367
8239 1368
8241 1369
8243 1370
8248 1371
8253 1372
8261 1373
8263 1374
8265 1375
8266 1376
8267 1377
8268 1378
8269 1379
8270 1380
8278 1381
8282 1382
8291 1383
8302 1384
8318 1385
8322 1386
8323 1387
8326 1388
8330 1389
8343 1390
8354 1391
8361 1392
8363 1393
8371 1394
8375 1395
8381 1396
8390 1397
8391 1398
8395 1399
8402 1400
8407 1401
8408 1402
8409 1403
8414 1404
8416 1405
8421 1406
8424 1407
8426 1408
8437 1409
8456 1410
8486 1411
8490 1412
8493 1413
8495 1414
8507 1415
8512 1416
8516 1417
8517 1418
8520 1419
8526 1420
8532 1421
8538 1422
8542 1423
8550 1424
8554 1425
8560 1426
8561 1427
8577 1428
8584 1429
8601 1430
8619 1431
8621 1432
8623 1433
8624 1434
8633 1435
8649 1436
8652 1437
8659 1438
8666 1439
8670 1440
8674 1441
8676 1442
8682 1443
8687 1444
8693 1445
8694 1446
8749 1447
8774 1448
8778 1449
8790 1450
8794 1451
8795 1452
8801 1453
8819 1454
8820 1455
8822 1456
8823 1457
8836 1458
8838 1459
8839 1460
8842 1461
8855 1462
8863 1463
8864 1464
8865 1465
8866 1466
8868 1467
8869 1468
8870 1469
8871 1470
8873 1471
8896 1472
8910 1473
8920 1474
8951 1475
8958 1476
8960 1477
8961 1478
8967 1479
8968 1480
8969 1481
8978 1482
8984 1483
8986 1484
8996 1485
9018 1486
9023 1487
9026 1488
9035 1489
9037 1490
9042 1491
9056 1492
9064 1493
9174 1494
9194 1495
9204 1496
9218 1497
9219 1498
9221 1499
9222 1500
9223 1501
9228 1502
9231 1503
9249 1504
9252 1505
9254 1506
9260 1507
9294 1508
9298 1509
9301 1510
9317 1511
9351 1512
9360 1513
9396 1514
9404 1515
9413 1516
9414 1517
9426 1518
9432 1519
9448 1520
9465 1521
9471 1522
9473 1523
9481 1524
9490 1525
9510 1526
9518 1527
9528 1528
9533 1529
9545 1530
9555 1531
9561 1532
9591 1533
9628 1534
9631 1535
9668 1536
9679 1537
9690 1538
9691 1539
9693 1540
9699 1541
9722 1542
9751 1543
9758 1544
9774 1545
9781 1546
9782 1547
9785 1548
9786 1549
9806 1550
9813 1551
9817 1552
9823 1553
9827 1554
9828 1555
9829 1556
9832 1557
9836 1558
9846 1559
9847 1560
9850 1561
9854 1562
9859 1563
9865 1564
9868 1565
9878 1566
9881 1567
9893 1568
9896 1569
9903 1570
9907 1571
9919 1572
9922 1573
9926 1574
9927 1575
9932 1576
9941 1577
9943 1578
9951 1579
9952 1580
9962 1581
9975 1582
10024 1583
10025 1584
10040 1585
10041 1586
10047 1587
10070 1588
10095 1589
10102 1590
10155 1591
10156 1592
10190 1593
10200 1594
10214 1595
10223 1596
10228 1597
10229 1598
10246 1599
10247 1600
10272 1601
10279 1602
10281 1603
10284 1604
10289 1605
10290 1606
10295 1607
10313 1608
10314 1609
10315 1610
10318 1611
10321 1612
10322 1613
10324 1614
10327 1615
10328 1616
10331 1617
10334 1618
10336 1619
10344 1620
10347 1621
10362 1622
10365 1623
10366 1624
10368 1625
10372 1626
10373 1627
10377 1628
10382 1629
10384 1630
10388 1631
10394 1632
10409 1633
10441 1634
10452 1635
10455 1636
10476 1637
10482 1638
10483 1639
10487 1640
10501 1641
10509 1642
10511 1643
10512 1644
10514 1645
10515 1646
10518 1647
10519 1648
10527 1649
10540 1650
10543 1651
10555 1652
10557 1653
10559 1654
10568 1655
10573 1656
10576 1657
10577 1658
10580 1659
10582 1660
10583 1661
10584 1662
10585 1663
10587 1664
10590 1665
10591 1666
10592 1667
10594 1668
10602 1669
10605 1670
10608 1671
10609 1672
10611 1673
10613 1674
10614 1675
10615 1676
10618 1677
10622 1678
10629 1679
10637 1680
10638 1681
10639 1682
10646 1683
10654 1684
10660 1685
10662 1686
10669 1687
10672 1688
10681 1689
10699 1690
10703 1691
10711 1692
10720 1693
10722 1694
10723 1695
10724 1696
10731 1697
10734 1698
10736 1699
10750 1700
10761 1701
10764 1702
10779 1703
10789 1704
10791 1705
10793 1706
10797 1707
10802 1708
10804 1709
10824 1710
10826 1711
10866 1712
10867 1713
10874 1714
10878 1715
10879 1716
10893 1717
10894 1718
10895 1719
10897 1720
10898 1721
10899 1722
10900 1723
10901 1724
10902 1725
10907 1726
10908 1727
10930 1728
10958 1729
11014 1730
11027 1731
11028 1732
11033 1733
11035 1734
11038 1735
11042 1736
11043 1737
11049 1738
11051 1739
11055 1740
11056 1741
11062 1742
11063 1743
11064 1744
11066 1745
11071 1746
11080 1747
11081 1748
11088 1749
11091 1750
11095 1751
11100 1752
11103 1753
11106 1754
11107 1755
11108 1756
11109 1757
11115 1758
11119 1759
11122 1760
11125 1761
11132 1762
11136 1763
11139 1764
11145 1765
11147 1766
11149 1767
11167 1768
11177 1769
11184 1770
11202 1771
11205 1772
11207 1773
11208 1774
11296 1775
11297 1776
11303 1777
11306 1778
11324 1779
11361 1780
11416 1781
11430 1782
11441 1783
11479 1784
11483 1785
11501 1786
11504 1787
11532 1788
11557 1789
11558 1790
11561 1791
11592 1792
11594 1793
11631 1794
11639 1795
11665 1796
11673 1797
11680 1798
11693 1799
11744 1800
11748 1801
11771 1802
11776 1803
11796 1804
11798 1805
11799 1806
11800 1807
11807 1808
11816 1809
11821 1810
11827 1811
11829 1812
11834 1813
11844 1814
11892 1815
11927 1816
11928 1817
11941 1818
11942 1819
11944 1820
11948 1821
11975 1822
11976 1823
11982 1824
11995 1825
11999 1826
12007 1827
12048 1828
12066 1829
12089 1830
12090 1831
12113 1832
12151 1833
12169 1834
12171 1835
12181 1836
12183 1837
12184 1838
12189 1839
12199 1840
12202 1841
12208 1842
12236 1843
12256 1844
12258 1845
12276 1846
12279 1847
12283 1848
12295 1849
12307 1850
12313 1851
12331 1852
12338 1853
12350 1854
12351 1855
12354 1856
12355 1857
12356 1858
12358 1859
12359 1860
12360 1861
12361 1862
12364 1863
12365 1864
12366 1865
12367 1866
12368 1867
12369 1868
12371 1869
12372 1870
12373 1871
12384 1872
12395 1873
12399 1874
12402 1875
12423 1876
12430 1877
12444 1878
12454 1879
12480 1880
12509 1881
12516 1882
12523 1883
12524 1884
12525 1885
12527 1886
12536 1887
12547 1888
12565 1889
12570 1890
12586 1891
12587 1892
12589 1893
12592 1894
12606 1895
12630 1896
12647 1897
12668 1898
12684 1899
12689 1900
12695 1901
12703 1902
12709 1903
12712 1904
12714 1905
12716 1906
12728 1907
12729 1908
12735 1909
12753 1910
12779 1911
12780 1912
12783 1913
12788 1914
12794 1915
12797 1916
12799 1917
12800 1918
12804 1919
12805 1920
12808 1921
12811 1922
12813 1923
12823 1924
12830 1925
12832 1926
12837 1927
12839 1928
12840 1929
12841 1930
12843 1931
12850 1932
12855 1933
12866 1934
12871 1935
12873 1936
12876 1937
12877 1938
12878 1939
12882 1940
12883 1941
12897 1942
12904 1943
12914 1944
12926 1945
12929 1946
12934 1947
12944 1948
12947 1949
12953 1950
12958 1951
12965 1952
12969 1953
12970 1954
12971 1955
12976 1956
12977 1957
12979 1958
12980 1959
12981 1960
12986 1961
12987 1962
12990 1963
12991 1964
12992 1965
13001 1966
13003 1967
13004 1968
13007 1969
13008 1970
13009 1971
13013 1972
13014 1973
13015 1974
13017 1975
13023 1976
13024 1977
13025 1978
13028 1979
13029 1980
13030 1981
13031 1982
13033 1983
13037 1984
13038 1985
13040 1986
13041 1987
13046 1988
13047 1989
13048 1990
13050 1991
13053 1992
13055 1993
13056 1994
13057 1995
13066 1996
13067 1997
13078 1998
13090 1999
13092 2000
13103 2001
13105 2002
13110 2003
13111 2004
13124 2005
13150 2006
13188 2007
13198 2008
13420 2009
13448 2010
13491 2011
13525 2012
13528 2013
13570 2014
13575 2015
13597 2016
13619 2017
13705 2018
13707 2019
13711 2020
13746 2021
13757 2022
13763 2023
13767 2024
13795 2025
13813 2026
13839 2027
13894 2028
13897 2029
13918 2030
13935 2031
13940 2032
13967 2033
13990 2034
13997 2035
14042 2036
14047 2037
14051 2038
14053 2039
14106 2040
14140 2041
14165 2042
14176 2043
14177 2044
14265 2045
14275 2046
14311 2047
14408 2048
14462 2049
14473 2050
14502 2051
14527 2052
14534 2053
14581 2054
14615 2055
14616 2056
14631 2057
14634 2058
14653 2059
14679 2060
14712 2061
14745 2062
14751 2063
14768 2064
14903 2065
14956 2066
14985 2067
14989 2068
15025 2069
15050 2070
15076 2071
15079 2072
15102 2073
15104 2074
15124 2075
15129 2076
15137 2077
15179 2078
15249 2079
15258 2080
15272 2081
15305 2082
15312 2083
15325 2084
15336 2085
15339 2086
15358 2087
15373 2088
15458 2089
15513 2090
15525 2091
15532 2092
15567 2093
15574 2094
15577 2095
15590 2096
15599 2097
15601 2098
15673 2099
15690 2100
15702 2101
15714 2102
15729 2103
15766 2104
15806 2105
15811 2106
15816 2107
15823 2108
15824 2109
15857 2110
15921 2111
15930 2112
15991 2113
15999 2114
16000 2115
16002 2116
16014 2117
16073 2118
16077 2119
16081 2120
16089 2121
16112 2122
16124 2123
16126 2124
16138 2125
16146 2126
16179 2127
16186 2128
16213 2129
16224 2130
16265 2131
16281 2132
16285 2133
16317 2134
16346 2135
16404 2136
16433 2137
16442 2138
16449 2139
16471 2140
16476 2141
16486 2142
16501 2143
16515 2144
16521 2145
16522 2146
16546 2147
16558 2148
16579 2149
16581 2150
16586 2151
16592 2152
16593 2153
16608 2154
16670 2155
16680 2156
16682 2157
16691 2158
16708 2159
16715 2160
16717 2161
16739 2162
16744 2163
16763 2164
16767 2165
16780 2166
16816 2167
16830 2168
16871 2169
16879 2170
16888 2171
16894 2172
16895 2173
16953 2174
16958 2175
16963 2176
16967 2177
16969 2178
16973 2179
16984 2180
17010 2181
17049 2182
17064 2183
17065 2184
17073 2185
17129 2186
17151 2187
17195 2188
17197 2189
17213 2190
17255 2191
17260 2192
17263 2193
17267 2194
17269 2195
17280 2196
17302 2197
17310 2198
17355 2199
17360 2200
17374 2201
17383 2202
17387 2203
17403 2204
17415 2205
17440 2206
17441 2207
17491 2208
17509 2209
17510 2210
17523 2211
17530 2212
17532 2213
17541 2214
17546 2215
17547 2216
17561 2217
17562 2218
17569 2219
17579 2220
17604 2221
17624 2222
17641 2223
17642 2224
17656 2225
17664 2226
17676 2227
17699 2228
17709 2229
17719 2230
17736 2231
17753 2232
17776 2233
17777 2234
17825 2235
17850 2236
17857 2237
17858 2238
17865 2239
17869 2240
17879 2241
17880 2242
17883 2243
17892 2244
17899 2245
17909 2246
17935 2247
17940 2248
17948 2249
17974 2250
17977 2251
17979 2252
17983 2253
17991 2254
18010 2255
18025 2256
18047 2257
18054 2258
18059 2259
18098 2260
18110 2261
18112 2262
18123 2263
18125 2264
18129 2265
18131 2266
18143 2267
18156 2268
18157 2269
18169 2270
18189 2271
18208 2272
18226 2273
18231 2274
18310 2275
18345 2276
18350 2277
18352 2278
18358 2279
18359 2280
18378 2281
18381 2282
18384 2283
18397 2284
18403 2285
18415 2286
18442 2287
18447 2288
18465 2289
18480 2290
18483 2291
18491 2292
18501 2293
18502 2294
18510 2295
18513 2296
18558 2297
18562 2298
18578 2299
18585 2300
18596 2301
18601 2302
18603 2303
18604 2304
18606 2305
18607 2306
18610 2307
18614 2308
18623 2309
18638 2310
18678 2311
18686 2312
18708 2313
18728 2314
18741 2315
18757 2316
18760 2317
18765 2318
18768 2319
18773 2320
18790 2321
18791 2322
18792 2323
18804 2324
18818 2325
18823 2326
18833 2327
18840 2328
18847 2329
18850 2330
18857 2331
18859 2332
18860 2333
18862 2334
18867 2335
18872 2336
18884 2337
18947 2338
18967 2339
18972 2340
18985 2341
19020 2342
19037 2343
19061 2344
19068 2345
19074 2346
19089 2347
19097 2348
19112 2349
19116 2350
19126 2351
19143 2352
19170 2353
19171 2354
19173 2355
19177 2356
19196 2357
19197 2358
19232 2359
19246 2360
19248 2361
19249 2362
19267 2363
19268 2364
19297 2365
19304 2366
19306 2367
19309 2368
19311 2369
19317 2370
19322 2371
19349 2372
19360 2373
19368 2374
19374 2375
19375 2376
19380 2377
19382 2378
19392 2379
19395 2380
19402 2381
19403 2382
19404 2383
19406 2384
19409 2385
19421 2386
19430 2387
19441 2388
19445 2389
19461 2390
19480 2391
19486 2392
19539 2393
19540 2394
19544 2395
19545 2396
19565 2397
19575 2398
19626 2399
19660 2400
19705 2401
19706 2402
19713 2403
19719 2404
19730 2405
19744 2406
19760 2407
19768 2408
19775 2409
19780 2410
19791 2411
19794 2412
19795 2413
19811 2414
19813 2415
19816 2416
19821 2417
19827 2418
19828 2419
19839 2420
19845 2421
19848 2422
19850 2423
19856 2424
19873 2425
19876 2426
19882 2427
19884 2428
19898 2429
19901 2430
19903 2431
19911 2432
19923 2433
19959 2434
19975 2435
19979 2436
19986 2437
19990 2438
20001 2439
20005 2440
20010 2441
20012 2442
20013 2443
20019 2444
20020 2445
20032 2446
20063 2447
20068 2448
20071 2449
20072 2450
20087 2451
20098 2452
20109 2453
20112 2454
20115 2455
20121 2456
20123 2457
20136 2458
20139 2459
20148 2460
20158 2461
20159 2462
20176 2463
20177 2464
20184 2465
20194 2466
20197 2467
20209 2468
20220 2469
20225 2470
20243 2471
20258 2472
20260 2473
20278 2474
20292 2475
20300 2476
20304 2477
20323 2478
20324 2479
20326 2480
20328 2481
20329 2482
20331 2483
20337 2484
20339 2485
20340 2486
20346 2487
20355 2488
20368 2489
20378 2490
20404 2491
20434 2492
20437 2493
20446 2494
20455 2495
20456 2496
20465 2497
20472 2498
20487 2499
20495 2500
20514 2501
20518 2502
20528 2503
20549 2504
20550 2505
20553 2506
20557 2507
20558 2508
20564 2509
20565 2510
20566 2511
20567 2512
20570 2513
20574 2514
20577 2515
20580 2516
20585 2517
20595 2518
20601 2519
20616 2520
20628 2521
20630 2522
20640 2523
20664 2524
20670 2525
20673 2526
20685 2527
20686 2528
20693 2529
20694 2530
20701 2531
20710 2532
20713 2533
20721 2534
20722 2535
20733 2536
20734 2537
20751 2538
20753 2539
20754 2540
20772 2541
20784 2542
20785 2543
20786 2544
20787 2545
20809 2546
20841 2547
20844 2548
20849 2549
20850 2550
20861 2551
20863 2552
20867 2553
20873 2554
20888 2555
20893 2556
20907 2557
20916 2558
20925 2559
20934 2560
20946 2561
20950 2562
20957 2563
20979 2564
20981 2565
20984 2566
20987 2567
20992 2568
20998 2569
21004 2570
21031 2571
21041 2572
21042 2573
21047 2574
21054 2575
21063 2576
21067 2577
21069 2578
21070 2579
21081 2580
21093 2581
21106 2582
21122 2583
21134 2584
21141 2585
21143 2586
21145 2587
21146 2588
21149 2589
21150 2590
21152 2591
21157 2592
21158 2593
21160 2594
21161 2595
21164 2596
21170 2597
21171 2598
21172 2599
21178 2600
21180 2601
21182 2602
21183 2603
21187 2604
21216 2605
21220 2606
21221 2607
21228 2608
21233 2609
21255 2610
21257 2611
21261 2612
21268 2613
21284 2614
21288 2615
21292 2616
21295 2617
21297 2618
21305 2619
21313 2620
21323 2621
21329 2622
21331 2623
21365 2624
21388 2625
21390 2626
21400 2627
21419 2628
21422 2629
21423 2630
21436 2631
21439 2632
21445 2633
21450 2634
21458 2635
21465 2636
21469 2637
21471 2638
21474 2639
21476 2640
21511 2641
21518 2642
21534 2643
21536 2644
21539 2645
21545 2646
21548 2647
21560 2648
21565 2649
21583 2650
21592 2651
21600 2652
21626 2653
21650 2654
21694 2655
21695 2656
21700 2657
21714 2658
21723 2659
21725 2660
21731 2661
21735 2662
21772 2663
21812 2664
21814 2665
21828 2666
21831 2667
21833 2668
21839 2669
21867 2670
21898 2671
21903 2672
21908 2673
21910 2674
21915 2675
21917 2676
21953 2677
21959 2678
21996 2679
21997 2680
21998 2681
22003 2682
22004 2683
22005 2684
22013 2685
22014 2686
22015 2687
22019 2688
22020 2689
22022 2690
22023 2691
22025 2692
22089 2693
22114 2694
22118 2695
22146 2696
22156 2697
22161 2698
22215 2699
22223 2700
22228 2701
22229 2702
22241 2703
22246 2704
22250 2705
22258 2706
22264 2707
22266 2708
22268 2709
22270 2710
22271 2711
22279 2712
22288 2713
22295 2714
22296 2715
22297 2716
22298 2717
22299 2718
22300 2719
22301 2720
22306 2721
22308 2722
22313 2723
22346 2724
22405 2725
22451 2726
22480 2727
22497 2728
22536 2729
22621 2730
22629 2731
22637 2732
22706 2733
22794 2734
22843 2735
22990 2736
23036 2737
23074 2738
23077 2739
23080 2740
23096 2741
23106 2742
23134 2743
23143 2744
23153 2745
23162 2746
23255 2747
23279 2748
23329 2749
23339 2750
23350 2751
23364 2752
23373 2753
23390 2754
23420 2755
23479 2756
23484 2757
23489 2758
23491 2759
23501 2760
23514 2761
23525 2762
23526 2763
23531 2764
23539 2765
23540 2766
23544 2767
23554 2768
23572 2769
23577 2770
23579 2771
23580 2772
23587 2773
23590 2774
23592 2775
23593 2776
23596 2777
23597 2778
23600 2779
23604 2780
23607 2781
23608 2782
23609 2783
23611 2784
23613 2785
23618 2786
23619 2787
23625 2788
23628 2789
23631 2790
23635 2791
23637 2792
23640 2793
23641 2794
23642 2795
23643 2796
23648 2797
23662 2798
23674 2799
23707 2800
23747 2801
23802 2802
23805 2803
23814 2804
23824 2805
23876 2806
23881 2807
23885 2808
23909 2809
23936 2810
23984 2811
24058 2812
24126 2813
24183 2814
24190 2815
24191 2816
24193 2817
24194 2818
24200 2819
24260 2820
24279 2821
24316 2822
24347 2823
24364 2824
24400 2825
24432 2826
24441 2827
24470 2828
24542 2829
24596 2830
24598 2831
24634 2832
24652 2833
24680 2834
24681 2835
24701 2836
24718 2837
24721 2838
24747 2839
24772 2840
24783 2841
24864 2842
24903 2843
24905 2844
24921 2845
24943 2846
24973 2847
24975 2848
24976 2849
24986 2850
24989 2851
25005 2852
25007 2853
25041 2854
25043 2855
25089 2856
25094 2857
25095 2858
25096 2859
25098 2860
25100 2861
25106 2862
25110 2863
25117 2864
25118 2865
25119 2866
25137 2867
25257 2868
25261 2869
25268 2870
25284 2871
25370 2872
25374 2873
25375 2874
25376 2875
25388 2876
25410 2877
25464 2878
25500 2879
25506 2880
25521 2881
25523 2882
25777 2883
25916 2884
26024 2885
26025 2886
26035 2887
26037 2888
26038 2889
26040 2890
26043 2891
26045 2892
26048 2893
26050 2894
26054 2895
26097 2896
26100 2897
26101 2898
26105 2899
26110 2900
26111 2901
26113 2902
26116 2903
26119 2904
26121 2905
26122 2906
26126 2907
26127 2908
26130 2909
26136 2910
26141 2911
26142 2912
26143 2913
26149 2914
26192 2915
26207 2916
26209 2917
26210 2918
26211 2919
26227 2920
26228 2921
26233 2922
26235 2923
26236 2924
26239 2925
26260 2926
26322 2927
26333 2928
26336 2929
26347 2930
26349 2931
26357 2932
26431 2933
26452 2934
26458 2935
26505 2936
26518 2937
26532 2938
26541 2939
26542 2940
26544 2941
26547 2942
26548 2943
26549 2944
26550 2945
26551 2946
26552 2947
26553 2948
26555 2949
26558 2950
26570 2951
26589 2952
26593 2953
26596 2954
26605 2955
26624 2956
26630 2957
26644 2958
26647 2959
26673 2960
26756 2961
26793 2962
26823 2963
26938 2964
26948 2965
26959 2966
26974 2967
26980 2968
27003 2969
27012 2970
27015 2971
27048 2972
27054 2973
27068 2974
27071 2975
27072 2976
27117 2977
27132 2978
27211 2979
27230 2980
27244 2981
27250 2982
27252 2983
27253 2984
27262 2985
27266 2986
27268 2987
27272 2988
27280 2989
27288 2990
27296 2991
27297 2992
27302 2993
27309 2994
27327 2995
27328 2996
27335 2997
27341 2998
27344 2999
27354 3000
27355 3001
27364 3002
27386 3003
27391 3004
27398 3005
27400 3006
27401 3007
27406 3008
27408 3009
27411 3010
27414 3011
27415 3012
27423 3013
27425 3014
27430 3015
27431 3016
27444 3017
27445 3018
27524 3019
27529 3020
27536 3021
27540 3022
27552 3023
27559 3024
27562 3025
27577 3026
27580 3027
27586 3028
27587 3029
27589 3030
27592 3031
27598 3032
27602 3033
27614 3034
27616 3035
27623 3036
27633 3037
27636 3038
27644 3039
27691 3040
27693 3041
27714 3042
27739 3043
27770 3044
27782 3045
27807 3046
27836 3047
27840 3048
27923 3049
27945 3050
28030 3051
28034 3052
28038 3053
28044 3054
28045 3055
28119 3056
28172 3057
28187 3058
28189 3059
28191 3060
28195 3061
28198 3062
28216 3063
28242 3064
28243 3065
28244 3066
28250 3067
28330 3068
28343 3069
28347 3070
28418 3071
28444 3072
28476 3073
28494 3074
28507 3075
28522 3076
28531 3077
28559 3078
28612 3079
28625 3080
28630 3081
28631 3082
28638 3083
28644 3084
28646 3085
28647 3086
28650 3087
28697 3088
28721 3089
28722 3090
28723 3091
28732 3092
28736 3093
28737 3094
28739 3095
28742 3096
28747 3097
28748 3098
28750 3099
28752 3100
28753 3101
28755 3102
28756 3103
28759 3104
28760 3105
28762 3106
28768 3107
28770 3108
28774 3109
28780 3110
28782 3111
28783 3112
28784 3113
28785 3114
28787 3115
28788 3116
28792 3117
28793 3118
28797 3119
28799 3120
28800 3121
28802 3122
28804 3123
28809 3124
28810 3125
28811 3126
28812 3127
28815 3128
28819 3129
28820 3130
28830 3131
28833 3132
28845 3133
28871 3134
28878 3135
28879 3136
28880 3137
28918 3138
28973 3139
28979 3140
28987 3141
28989 3142
28993 3143
28994 3144
28996 3145
29000 3146
29069 3147
29116 3148
29124 3149
29144 3150
29147 3151
29148 3152
29157 3153
29162 3154
29171 3155
29182 3156
29183 3157
29186 3158
29210 3159
29308 3160
29348 3161
29367 3162
29480 3163
29595 3164
29652 3165
29670 3166
29696 3167
29713 3168
29763 3169
29867 3170
29870 3171
29871 3172
29911 3173
29913 3174
29917 3175
29919 3176
29922 3177
29924 3178
29926 3179
29935 3180
29936 3181
29946 3182
29952 3183
29960 3184
29962 3185
30015 3186
30017 3187
30024 3188
30031 3189
30105 3190
30155 3191
30169 3192
30177 3193
30181 3194
30199 3195
30200 3196
30201 3197
30202 3198
30204 3199
30205 3200
30208 3201
30212 3202
30216 3203
30218 3204
30219 3205
30226 3206
30231 3207
30233 3208
30236 3209
30249 3210
30253 3211
30255 3212
30275 3213
30283 3214
30303 3215
30349 3216
30375 3217
30556 3218
30559 3219
30613 3220
30620 3221
30624 3222
30636 3223
30640 3224
30681 3225
30686 3226
30692 3227
30693 3228
30710 3229
30712 3230
30713 3231
30715 3232
30716 3233
30717 3234
30730 3235
30732 3236
30749 3237
30776 3238
30780 3239
30783 3240
30791 3241
30796 3242
30797 3243
30803 3244
30826 3245
30880 3246
30894 3247
30905 3248
30918 3249
30922 3250
30926 3251
30933 3252
30934 3253
30935 3254
30937 3255
30944 3256
30946 3257
30962 3258
30970 3259
30975 3260
30980 3261
30988 3262
30997 3263
31083 3264
31133 3265
31147 3266
31156 3267
31165 3268
31168 3269
31173 3270
31176 3271
31276 3272
31304 3273
31324 3274
31412 3275
31479 3276
31489 3277
31569 3278
31647 3279
31672 3280
31687 3281
31698 3282
31710 3283
31727 3284
31848 3285
31861 3286
31862 3287
31863 3288
31865 3289
31869 3290
31896 3291
31912 3292
31957 3293
31958 3294
31968 3295
31971 3296
31972 3297
32081 3298
32084 3299
32095 3300
32105 3301
32113 3302
32144 3303
32202 3304
32227 3305
32316 3306
32373 3307
32381 3308
32386 3309
32473 3310
32505 3311
32510 3312
32512 3313
32515 3314
32522 3315
32530 3316
32545 3317
32651 3318
32663 3319
32671 3320
32672 3321
32673 3322
32685 3323
32687 3324
32689 3325
32699 3326
32704 3327
32721 3328
32725 3329
32747 3330
32749 3331
32752 3332
32765 3333
32766 3334
32772 3335
32797 3336
32815 3337
32836 3338
32837 3339
32925 3340
32931 3341
33019 3342
33020 3343
33021 3344
33022 3345
33025 3346
33028 3347
33090 3348
33099 3349
33121 3350
33141 3351
33234 3352
33239 3353
33245 3354
33248 3355
33281 3356
33283 3357
33325 3358
33340 3359
33384 3360
33385 3361
33416 3362
33418 3363
33440 3364
33443 3365
33452 3366
33466 3367
33467 3368
33469 3369
33488 3370
33489 3371
33493 3372
33530 3373
33534 3374
33536 3375
33578 3376
33581 3377
33598 3378
33611 3379
33626 3380
33628 3381
33642 3382
33643 3383
33646 3384
33699 3385
33700 3386
33702 3387
33705 3388
33707 3389
33710 3390
33714 3391
33715 3392
33716 3393
33720 3394
33721 3395
33729 3396
33793 3397
33869 3398
33870 3399
33871 3400
33971 3401
33978 3402
34030 3403
34031 3404
34038 3405
34054 3406
34056 3407
34091 3408
34131 3409
34135 3410
34180 3411
34193 3412
34194 3413
34282 3414
34314 3415
34330 3416
34335 3417
34383 3418
34430 3419
34464 3420
34468 3421
34474 3422
34475 3423
34494 3424
34510 3425
34514 3426
34523 3427
34552 3428
34598 3429
34711 3430
34713 3431
34719 3432
34727 3433
34728 3434
34738 3435
34739 3436
34743 3437
34745 3438
34749 3439
34750 3440
34753 3441
34755 3442
34756 3443
34758 3444
34761 3445
34767 3446
34768 3447
34770 3448
34777 3449
34795 3450
34843 3451
34845 3452
34846 3453
34895 3454
34901 3455
34941 3456
34987 3457
35019 3458
35027 3459
35064 3460
35147 3461
35262 3462
35272 3463
35282 3464
35288 3465
35296 3466
35298 3467
35304 3468
35309 3469
35315 3470
35319 3471
35322 3472
35336 3473
35338 3474
35339 3475
35372 3476
35378 3477
35437 3478
35443 3479
35447 3480
35471 3481
35485 3482
35527 3483
35547 3484
35608 3485
35681 3486
35686 3487
35702 3488
35728 3489
35737 3490
35745 3491
35759 3492
35764 3493
35769 3494
35774 3495
35778 3496
35780 3497
35787 3498
35790 3499
35791 3500
35797 3501
35800 3502
35836 3503
35842 3504
35846 3505
35855 3506
35860 3507
35869 3508
35977 3509
36033 3510
36035 3511
36037 3512
36142 3513
36146 3514
36180 3515
36185 3516
36193 3517
36196 3518
36233 3519
36236 3520
36237 3521
36257 3522
36267 3523
36272 3524
36278 3525
36279 3526
36302 3527
36303 3528
36305 3529
36306 3530
36312 3531
36315 3532
36317 3533
36341 3534
36402 3535
36448 3536
36449 3537
36450 3538
36451 3539
36452 3540
36453 3541
36457 3542
36458 3543
36459 3544
36460 3545
36461 3546
36462 3547
36463 3548
36464 3549
36465 3550
36466 3551
36467 3552
36468 3553
36469 3554
36470 3555
36471 3556
36472 3557
36473 3558
36474 3559
36489 3560
36531 3561
36533 3562
36543 3563
36550 3564
36552 3565
36555 3566
36557 3567
36561 3568
36567 3569
36581 3570
36582 3571
36589 3572
36630 3573
36653 3574
36654 3575
36656 3576
36660 3577
36663 3578
36668 3579
36669 3580
36671 3581
36676 3582
36679 3583
36681 3584
36683 3585
36685 3586
36696 3587
36698 3588
36708 3589
36732 3590
36748 3591
36767 3592
36804 3593
36835 3594
36838 3595
36843 3596
36845 3597
36846 3598
36848 3599
36850 3600
36871 3601
36909 3602
36916 3603
36917 3604
36920 3605
36929 3606
36932 3607
36936 3608
36939 3609
36940 3610
36942 3611
36943 3612
36974 3613
36980 3614
36983 3615
36984 3616
37032 3617
37050 3618
37052 3619
37058 3620
37061 3621
37062 3622
37064 3623
37066 3624
37067 3625
37069 3626
37074 3627
37118 3628
37144 3629
37157 3630
37172 3631
37173 3632
37178 3633
37179 3634
37180 3635
37189 3636
37191 3637
37197 3638
37221 3639
37223 3640
37229 3641
37232 3642
37233 3643
37236 3644
37243 3645
37245 3646
37246 3647
37247 3648
37256 3649
37258 3650
37264 3651
37267 3652
37277 3653
37282 3654
37291 3655
37297 3656
37305 3657
37347 3658
37366 3659
37398 3660
37470 3661
37489 3662
37510 3663
37519 3664
37540 3665
37542 3666
37543 3667
37557 3668
37559 3669
37561 3670
37563 3671
37594 3672
37642 3673
37698 3674
37717 3675
37743 3676
37809 3677
37810 3678
37819 3679
37820 3680
37825 3681
37826 3682
37841 3683
37847 3684
37848 3685
37854 3686
37862 3687
37863 3688
37864 3689
37865 3690
37869 3691
37875 3692
37879 3693
37895 3694
37897 3695
37899 3696
37901 3697
37906 3698
37908 3699
37912 3700
37915 3701
37916 3702
37923 3703
37927 3704
37930 3705
37939 3706
38086 3707
38141 3708
38177 3709
38179 3710
38192 3711
38211 3712
38217 3713
38224 3714
38272 3715
38363 3716
38392 3717
38393 3718
38413 3719
38434 3720
38470 3721
38472 3722
38482 3723
38498 3724
38505 3725
38508 3726
38511 3727
38513 3728
38516 3729
38518 3730
38526 3731
38529 3732
38553 3733
38556 3734
38561 3735
38635 3736
38638 3737
38663 3738
38664 3739
38665 3740
38668 3741
38669 3742
38670 3743
38674 3744
38675 3745
38680 3746
38682 3747
38683 3748
38684 3749
38685 3750
38690 3751
38691 3752
38703 3753
38706 3754
38712 3755
38713 3756
38716 3757
38717 3758
38718 3759
38720 3760
38722 3761
38723 3762
38724 3763
38727 3764
38728 3765
38734 3766
38738 3767
38740 3768
38743 3769
38746 3770
38750 3771
38751 3772
38753 3773
38761 3774
38762 3775
38777 3776
38781 3777
38812 3778
38828 3779
38880 3780
38887 3781
38905 3782
38925 3783
38931 3784
38933 3785
38954 3786
38955 3787
38959 3788
38961 3789
38968 3790
38973 3791
39012 3792
39025 3793
39026 3794
39027 3795
39028 3796
39029 3797
39031 3798
39032 3799
39037 3800
39038 3801
39039 3802
39044 3803
39045 3804
39110 3805
39136 3806
39174 3807
39177 3808
39178 3809
39188 3810
39192 3811
39204 3812
39221 3813
39276 3814
39289 3815
39301 3816
39316 3817
39325 3818
39343 3819
39345 3820
39347 3821
39354 3822
39357 3823
39367 3824
39369 3825
39398 3826
39402 3827
39411 3828
39412 3829
39413 3830
39414 3831
39415 3832
39437 3833
39441 3834
39442 3835
39450 3836
39455 3837
39456 3838
39457 3839
39458 3840
39483 3841
39484 3842
39487 3843
39489 3844
39511 3845
39516 3846
39528 3847
39529 3848
39532 3849
39572 3850
39588 3851
39603 3852
39615 3853
39661 3854
39667 3855
39714 3856
39722 3857
39730 3858
39736 3859
39737 3860
39740 3861
39741 3862
39742 3863
39743 3864
39766 3865
39769 3866
39777 3867
39779 3868
39780 3869
39781 3870
39802 3871
39810 3872
39820 3873
39834 3874
39843 3875
39878 3876
39883 3877
39886 3878
39900 3879
39902 3880
39916 3881
39958 3882
39968 3883
39973 3884
39974 3885
39992 3886
40036 3887
40038 3888
40040 3889
40041 3890
40042 3891
40043 3892
40063 3893
40118 3894
40120 3895
40126 3896
40142 3897
40159 3898
40191 3899
40196 3900
40220 3901
40297 3902
40304 3903
40329 3904
40331 3905
40334 3906
40335 3907
40336 3908
40347 3909
40348 3910
40461 3911
40482 3912
40483 3913
40485 3914
40491 3915
40518 3916
40521 3917
40545 3918
40551 3919
40608 3920
40623 3921
40628 3922
40638 3923
40639 3924
40641 3925
40649 3926
40650 3927
40652 3928
40657 3929
40658 3930
40659 3931
40666 3932
40673 3933
40690 3934
40692 3935
40740 3936
40759 3937
40809 3938
40814 3939
40825 3940
40849 3941
40853 3942
40870 3943
40898 3944
40900 3945
40920 3946
40921 3947
40923 3948
40958 3949
40993 3950
41002 3951
41005 3952
41022 3953
41124 3954
41139 3955
41153 3956
41172 3957
41191 3958
41210 3959
41225 3960
41226 3961
41231 3962
41232 3963
41234 3964
41262 3965
41275 3966
41276 3967
41299 3968
41314 3969
41318 3970
41319 3971
41327 3972
41365 3973
41375 3974
41392 3975
41393 3976
41394 3977
41396 3978
41398 3979
41401 3980
41403 3981
41405 3982
41406 3983
41446 3984
41455 3985
41515 3986
41522 3987
41551 3988
41578 3989
41591 3990
41631 3991
41698 3992
41709 3993
41711 3994
41712 3995
41715 3996
41720 3997
41723 3998
41724 3999
41735 4000
41736 4001
41750 4002
41752 4003
41755 4004
41756 4005
41759 4006
41768 4007
41772 4008
41792 4009
41795 4010
41798 4011
41800 4012
41802 4013
41804 4014
41807 4015
41814 4016
41832 4017
41840 4018
41865 4019
41904 4020
41906 4021
41907 4022
41908 4023
41909 4024
41911 4025
41912 4026
41913 4027
41914 4028
41918 4029
41919 4030
41920 4031
41940 4032
41976 4033
41987 4034
41989 4035
42038 4036
42040 4037
42082 4038
42091 4039
42200 4040
42203 4041
42224 4042
42232 4043
42305 4044
42330 4045
42337 4046
42339 4047
42346 4048
42347 4049
42349 4050
42350 4051
42351 4052
42354 4053
42355 4054
42377 4055
42386 4056
42392 4057
42427 4058
42497 4059
42505 4060
42612 4061
42613 4062
42614 4063
42615 4064
42618 4065
42619 4066
42623 4067
42625 4068
42626 4069
42628 4070
42629 4071
42630 4072
42631 4073
42660 4074
42675 4075
42678 4076
42682 4077
42684 4078
42685 4079
42690 4080
42700 4081
42705 4082
42722 4083
42723 4084
42724 4085
42725 4086
42726 4087
42727 4088
42728 4089
42729 4090
42730 4091
42732 4092
42733 4093
42734 4094
42735 4095
42736 4096
42737 4097
42738 4098
42740 4099
42764 4100
42769 4101
42770 4102
42781 4103
42799 4104
42815 4105
42831 4106
42853 4107
42857 4108
42936 4109
42938 4110
42951 4111
43020 4112
43198 4113
43222 4114
43224 4115
43250 4116
43340 4117
43388 4118
43412 4119
43415 4120
43417 4121
43420 4122
43428 4123
43436 4124
43468 4125
43469 4126
43473 4127
43476 4128
43478 4129
43480 4130
43506 4131
43510 4132
43513 4133
43515 4134
43522 4135
43562 4136
43583 4137
43615 4138
43616 4139
43618 4140
43619 4141
43620 4142
43621 4143
43624 4144
43625 4145
43627 4146
43628 4147
43631 4148
43632 4149
43634 4150
43635 4151
43636 4152
43637 4153
43640 4154
43645 4155
43647 4156
43667 4157
43669 4158
43674 4159
43678 4160
43679 4161
43680 4162
43681 4163
43682 4164
43727 4165
43744 4166
43750 4167
43752 4168
43757 4169
43772 4170
43816 4171
43820 4172
43826 4173
43827 4174
43830 4175
43831 4176
43852 4177
43853 4178
43863 4179
43901 4180
43902 4181
43905 4182
43910 4183
43933 4184
43939 4185
43977 4186
43982 4187
44010 4188
44018 4189
44057 4190
44071 4191
44076 4192
44101 4193
44141 4194
44154 4195
44158 4196
44159 4197
44170 4198
44192 4199
44196 4200
44226 4201
44227 4202
44228 4203
44234 4204
44245 4205
44246 4206
44288 4207
44289 4208
44315 4209
44320 4210
44323 4211
44326 4212
44350 4213
44371 4214
44415 4215
44426 4216
44451 4217
44469 4218
44478 4219
44484 4220
44487 4221
44538 4222
44553 4223
44554 4224
44557 4225
44623 4226
44641 4227
44675 4228
44681 4229
44691 4230
44704 4231
44723 4232
44859 4233
44866 4234
44869 4235
44873 4236
44891 4237
44892 4238
44924 4239
45067 4240
45073 4241
45097 4242
45108 4243
45117 4244
45121 4245
45122 4246
45134 4247
45150 4248
45151 4249
45155 4250
45195 4251
45196 4252
45201 4253
45202 4254
45203 4255
45212 4256
45245 4257
45269 4258
45271 4259
45333 4260
45357 4261
45359 4262
45360 4263
45368 4264
45408 4265
45417 4266
45446 4267
45453 4268
45454 4269
45501 4270
45533 4271
45535 4272
45539 4273
45541 4274
45542 4275
45544 4276
45547 4277
45552 4278
45599 4279
45602 4280
45618 4281
45632 4282
45633 4283
45653 4284
45657 4285
45664 4286
45667 4287
45669 4288
45673 4289
45678 4290
45679 4291
45683 4292
45692 4293
45694 4294
45704 4295
45707 4296
45708 4297
45716 4298
45721 4299
45724 4300
45726 4301
45727 4302
45729 4303
45732 4304
45733 4305
45737 4306
45748 4307
45797 4308
45812 4309
45813 4310
45817 4311
45822 4312
45825 4313
45830 4314
45834 4315
45837 4316
45838 4317
45855 4318
45857 4319
45938 4320
45943 4321
45947 4322
45949 4323
45952 4324
45965 4325
45968 4326
45971 4327
45974 4328
45976 4329
45978 4330
45983 4331
45988 4332
45993 4333
46045 4334
46058 4335
46059 4336
46063 4337
46064 4338
46118 4339
46123 4340
46139 4341
46140 4342
46142 4343
46149 4344
46171 4345
46172 4346
46180 4347
46181 4348
46186 4349
46192 4350
46201 4351
46220 4352
46223 4353
46224 4354
46226 4355
46230 4356
46331 4357
46334 4358
46337 4359
46339 4360
46352 4361
46357 4362
46372 4363
46380 4364
46382 4365
46435 4366
46447 4367
46456 4368
46468 4369
46484 4370
46489 4371
46490 4372
46526 4373
46587 4374
46644 4375
46646 4376
46686 4377
46689 4378
46693 4379
46694 4380
46695 4381
46696 4382
46697 4383
46698 4384
46699 4385
46701 4386
46702 4387
46705 4388
46708 4389
46709 4390
46710 4391
46711 4392
46712 4393
46846 4394
46878 4395
46880 4396
46886 4397
46929 4398
46961 4399
46965 4400
47041 4401
47042 4402
47043 4403
47044 4404
47045 4405
47046 4406
47052 4407
47095 4408
47126 4409
47128 4410
47154 4411
47157 4412
47178 4413
47185 4414
47188 4415
47197 4416
47238 4417
47239 4418
47275 4419
47279 4420
47281 4421
47288 4422
47320 4423
47326 4424
47335 4425
47367 4426
47369 4427
47379 4428
47435 4429
47464 4430
47465 4431
47466 4432
47468 4433
47474 4434
47475 4435
47476 4436
47477 4437
47478 4438
47479 4439
47480 4440
47481 4441
47483 4442
47484 4443
47486 4444
47489 4445
47490 4446
47507 4447
47515 4448
47523 4449
47552 4450
47564 4451
47566 4452
47568 4453
47569 4454
47572 4455
47573 4456
47574 4457
47575 4458
47576 4459
47600 4460
47601 4461
47602 4462
47603 4463
47623 4464
47641 4465
47645 4466
47652 4467
47656 4468
47661 4469
47664 4470
47686 4471
47742 4472
47782 4473
47792 4474
47853 4475
47854 4476
47887 4477
47898 4478
47993 4479
48003 4480
48022 4481
48025 4482
48027 4483
48034 4484
48036 4485
48042 4486
48044 4487
48058 4488
48069 4489
48074 4490
48087 4491
48101 4492
48102 4493
48103 4494
48109 4495
48114 4496
48121 4497
48122 4498
48123 4499
48124 4500
48125 4501
48131 4502
48135 4503
48138 4504
48141 4505
48151 4506
48153 4507
48155 4508
48157 4509
48159 4510
48164 4511
48165 4512
48166 4513
48167 4514
48168 4515
48170 4516
48171 4517
48172 4518
48173 4519
48175 4520
48176 4521
48177 4522
48178 4523
48180 4524
48181 4525
48182 4526
48183 4527
48184 4528
48185 4529
48187 4530
48188 4531
48191 4532
48192 4533
48193 4534
48194 4535
48195 4536
48245 4537
48248 4538
48250 4539
48267 4540
48293 4541
48304 4542
48305 4543
48308 4544
48322 4545
48330 4546
48365 4547
48368 4548
48369 4549
48371 4550
48373 4551
48380 4552
48381 4553
48382 4554
48383 4555
48384 4556
48389 4557
48390 4558
48392 4559
48396 4560
48397 4561
48398 4562
48405 4563
48410 4564
48413 4565
48414 4566
48418 4567
48420 4568
48421 4569
48428 4570
48438 4571
48439 4572
48466 4573
48480 4574
48486 4575
48487 4576
48489 4577
48496 4578
48500 4579
48501 4580
48502 4581
48503 4582
48536 4583
48543 4584
48544 4585
48548 4586
48562 4587
48577 4588
48578 4589
48588 4590
48590 4591
48594 4592
48609 4593
48619 4594
48636 4595
48637 4596
48639 4597
48642 4598
48643 4599
48645 4600
48650 4601
48651 4602
48653 4603
48654 4604
48663 4605
48672 4606
48674 4607
48677 4608
48685 4609
48686 4610
48687 4611
48690 4612
48737 4613
48761 4614
48763 4615
48765 4616
48814 4617
48815 4618
48816 4619
48817 4620
48818 4621
48819 4622
48823 4623
48824 4624
48834 4625
48837 4626
48840 4627
48841 4628
48842 4629
48843 4630
48847 4631
48848 4632
48874 4633
48880 4634
48882 4635
48883 4636
48897 4637
48900 4638
48916 4639
48920 4640
48942 4641
48950 4642
48961 4643
48965 4644
48968 4645
48997 4646
48998 4647
48999 4648
49008 4649
49029 4650
49030 4651
49031 4652
49049 4653
49063 4654
49067 4655
49071 4656
49080 4657
49084 4658
49105 4659
49119 4660
49124 4661
49131 4662
49138 4663
49139 4664
49140 4665
49141 4666
49142 4667
49144 4668
49145 4669
49146 4670
49185 4671
49189 4672
49250 4673
49380 4674
49395 4675
49405 4676
49447 4677
49491 4678
49521 4679
49522 4680
49530 4681
49537 4682
49554 4683
49562 4684
49567 4685
49583 4686
49584 4687
49585 4688
49598 4689
49603 4690
49628 4691
49629 4692
49634 4693
49649 4694
49650 4695
49651 4696
49652 4697
49655 4698
49657 4699
49661 4700
49662 4701
49663 4702
49664 4703
49665 4704
49666 4705
49669 4706
49679 4707
49694 4708
49697 4709
49700 4710
49703 4711
49704 4712
49705 4713
49706 4714
49708 4715
49709 4716
49712 4717
49713 4718
49714 4719
49716 4720
49718 4721
49719 4722
49720 4723
49723 4724
49724 4725
49726 4726
49731 4727
49781 4728
49788 4729
49794 4730
49809 4731
49831 4732
49842 4733
49843 4734
49844 4735
49851 4736
49854 4737
49861 4738
49868 4739
49909 4740
49910 4741
49911 4742
49912 4743
49913 4744
49975 4745
50034 4746
50036 4747
50053 4748
50064 4749
50066 4750
50069 4751
50076 4752
50078 4753
50080 4754
50083 4755
50087 4756
50090 4757
50097 4758
50098 4759
50101 4760
50128 4761
50134 4762
50140 4763
50141 4764
50146 4765
50148 4766
50150 4767
50151 4768
50153 4769
50154 4770
50156 4771
50158 4772
50169 4773
50170 4774
50225 4775
50302 4776
50319 4777
50328 4778
50340 4779
50362 4780
50364 4781
50370 4782
50381 4783
50394 4784
50395 4785
50398 4786
50399 4787
50411 4788
50415 4789
50417 4790
50428 4791
50432 4792
50438 4793
50448 4794
50450 4795
50455 4796
50475 4797
50482 4798
50485 4799
50486 4800
50487 4801
50488 4802
50489 4803
50493 4804
50496 4805
50498 4806
50500 4807
50502 4808
50504 4809
50505 4810
50506 4811
50507 4812
50509 4813
50510 4814
50511 4815
50512 4816
50513 4817
50514 4818
50515 4819
50516 4820
50518 4821
50519 4822
50520 4823
50521 4824
50523 4825
50524 4826
50525 4827
50526 4828
50529 4829
50532 4830
50533 4831
50553 4832
50559 4833
50577 4834
50580 4835
50584 4836
50586 4837
50596 4838
50597 4839
50633 4840
50673 4841
50676 4842
50683 4843
50699 4844
50722 4845
50723 4846
50727 4847
50742 4848
50764 4849
50800 4850
50802 4851
50810 4852
50816 4853
50817 4854
50818 4855
50820 4856
50821 4857
50845 4858
50859 4859
50865 4860
50870 4861
50877 4862
50880 4863
50881 4864
50900 4865
50902 4866
50904 4867
50906 4868
50908 4869
50915 4870
50918 4871
51004 4872
51061 4873
51067 4874
51068 4875
51071 4876
51072 4877
51073 4878
51076 4879
51077 4880
51080 4881
51083 4882
51088 4883
51090 4884
51094 4885
51102 4886
51106 4887
51113 4888
51116 4889
51117 4890
51120 4891
51127 4892
51133 4893
51134 4894
51138 4895
51140 4896
51141 4897
51147 4898
51164 4899
51173 4900
51197 4901
51204 4902
51207 4903
51213 4904
51219 4905
51220 4906
51222 4907
51223 4908
51247 4909
51319 4910
51344 4911
51348 4912
51350 4913
51355 4914
51356 4915
51359 4916
51363 4917
51365 4918
51371 4919
51372 4920
51373 4921
51375 4922
51379 4923
51421 4924
51422 4925
51423 4926
51427 4927
51428 4928
51439 4929
51441 4930
51445 4931
51446 4932
51447 4933
51448 4934
51449 4935
51453 4936
51454 4937
51455 4938
51457 4939
51459 4940
51461 4941
51475 4942
51493 4943
51499 4944
51531 4945
51532 4946
51533 4947
51534 4948
51536 4949
51542 4950
51545 4951
51550 4952
51557 4953
51574 4954
51576 4955
51585 4956
51604 4957
51607 4958
51608 4959
51616 4960
51626 4961
51628 4962
51665 4963
51671 4964
51690 4965
51715 4966
51716 4967
51764 4968
51821 4969
51839 4970
51853 4971
51856 4972
51887 4973
51896 4974
51897 4975
51898 4976
51899 4977
51922 4978
51932 4979
51944 4980
51946 4981
51947 4982
51951 4983
51952 4984
51956 4985
51957 4986
51958 4987
51959 4988
51963 4989
51964 4990
51965 4991
52028 4992
52074 4993
52090 4994
52106 4995
52118 4996
52125 4997
52165 4998
52200 4999
52231 5000
52233 5001
52237 5002
52239 5003
52241 5004
52247 5005
52249 5006
52272 5007
52274 5008
52275 5009
52276 5010
52278 5011
52279 5012
52300 5013
52323 5014
52324 5015
52365 5016
52387 5017
52398 5018
52417 5019
52424 5020
52428 5021
52460 5022
52463 5023
52482 5024
52485 5025
52488 5026
52519 5027
52526 5028
52554 5029
52555 5030
52556 5031
52557 5032
52558 5033
52559 5034
52561 5035
52562 5036
52565 5037
52567 5038
52611 5039
52623 5040
52624 5041
52653 5042
52655 5043
52657 5044
52660 5045
52708 5046
52722 5047
52735 5048
52736 5049
52783 5050
52800 5051
52804 5052
52806 5053
52809 5054
52810 5055
52811 5056
52812 5057
52813 5058
52814 5059
52815 5060
52816 5061
52817 5062
52818 5063
52819 5064
52820 5065
52823 5066
52828 5067
52829 5068
52832 5069
52833 5070
52834 5071
52835 5072
52836 5073
52839 5074
52841 5075
52844 5076
52845 5077
52846 5078
52848 5079
52850 5080
52851 5081
52853 5082
52854 5083
52856 5084
52857 5085
52859 5086
52860 5087
52861 5088
52865 5089
52866 5090
52867 5091
52868 5092
52881 5093
52891 5094
52896 5095
52907 5096
52914 5097
52932 5098
52937 5099
52944 5100
52952 5101
52960 5102
52961 5103
52962 5104
52965 5105
52966 5106
52967 5107
52968 5108
52969 5109
52979 5110
52989 5111
52997 5112
53002 5113
53018 5114
53019 5115
53020 5116
53022 5117
53023 5118
53024 5119
53025 5120
53047 5121
53119 5122
53151 5123
53156 5124
53159 5125
53244 5126
53254 5127
53255 5128
53270 5129
53274 5130
53277 5131
53278 5132
53281 5133
53307 5134
53308 5135
53311 5136
53317 5137
53321 5138
53323 5139
53352 5140
53354 5141
53357 5142
53363 5143
53448 5144
53472 5145
53479 5146
53482 5147
53514 5148
53515 5149
53523 5150
53524 5151
53528 5152
53533 5153
53536 5154
53540 5155
53541 5156
53544 5157
53549 5158
53558 5159
53580 5160
53621 5161
53650 5162
53654 5163
53655 5164
53710 5165
53728 5166
53731 5167
53747 5168
53764 5169
53774 5170
53775 5171
53779 5172
53780 5173
53806 5174
53830 5175
53831 5176
53832 5177
53833 5178
53837 5179
53839 5180
53849 5181
53851 5182
53855 5183
53856 5184
53863 5185
53867 5186
53873 5187
53883 5188
53889 5189
53892 5190
53893 5191
53894 5192
53896 5193
53898 5194
53912 5195
53913 5196
53915 5197
53918 5198
53922 5199
53923 5200
53927 5201
53930 5202
53933 5203
53934 5204
53939 5205
53942 5206
53944 5207
53945 5208
53956 5209
53962 5210
53975 5211
53976 5212
53982 5213
53985 5214
53986 5215
53989 5216
53992 5217
53997 5218
54000 5219
54005 5220
54020 5221
54025 5222
54038 5223
54050 5224
54076 5225
54079 5226
54088 5227
54101 5228
54109 5229
54114 5230
54116 5231
54117 5232
54123 5233
54124 5234
54144 5235
54148 5236
54149 5237
54157 5238
54163 5239
54164 5240
54165 5241
54166 5242
54195 5243
54211 5244
54213 5245
54296 5246
54313 5247
54319 5248
54321 5249
54322 5250
54325 5251
54326 5252
54327 5253
54331 5254
54336 5255
54343 5256
54344 5257
54377 5258
54386 5259
54390 5260
54415 5261
54425 5262
54453 5263
54464 5264
54466 5265
54472 5266
54476 5267
54488 5268
54492 5269
54493 5270
54501 5271
54514 5272
54517 5273
54525 5274
54527 5275
54530 5276
54541 5277
54547 5278
54558 5279
54559 5280
54561 5281
54562 5282
54567 5283
54568 5284
54571 5285
54574 5286
54582 5287
54587 5288
54588 5289
54589 5290
54591 5291
54592 5292
54601 5293
54603 5294
54609 5295
54610 5296
54612 5297
54618 5298
54620 5299
54623 5300
54624 5301
54628 5302
54629 5303
54632 5304
54640 5305
54645 5306
54646 5307
54656 5308
54659 5309
54661 5310
54662 5311
54666 5312
54668 5313
54677 5314
54685 5315
54698 5316
54701 5317
54710 5318
54711 5319
54713 5320
54721 5321
54723 5322
54727 5323
54731 5324
54732 5325
54737 5326
54748 5327
54751 5328
54752 5329
54753 5330
54755 5331
54761 5332
54767 5333
54768 5334
54769 5335
54770 5336
54797 5337
54858 5338
54859 5339
54860 5340
54862 5341
54944 5342
55073 5343
55074 5344
55088 5345
55115 5346
55118 5347
55156 5348
55168 5349
55171 5350
55191 5351
55210 5352
55214 5353
55218 5354
55253 5355
55254 5356
55255 5357
55257 5358
55270 5359
55275 5360
55276 5361
55278 5362
55280 5363
55287 5364
55293 5365
55303 5366
55306 5367
55312 5368
55313 5369
55314 5370
55315 5371
55318 5372
55322 5373
55323 5374
55326 5375
55328 5376
55329 5377
55330 5378
55331 5379
55332 5380
55335 5381
55336 5382
55337 5383
55339 5384
55340 5385
55342 5386
55352 5387
55360 5388
55370 5389
55372 5390
55373 5391
55374 5392
55375 5393
55376 5394
55377 5395
55385 5396
55428 5397
55429 5398
55433 5399
55443 5400
55444 5401
55445 5402
55469 5403
55474 5404
55475 5405
55498 5406
55500 5407
55501 5408
55502 5409
55503 5410
55504 5411
55506 5412
55509 5413
55513 5414
55621 5415
55622 5416
55623 5417
55624 5418
55625 5419
55642 5420
55653 5421
55659 5422
55663 5423
55666 5424
55670 5425
55677 5426
55678 5427
55686 5428
55689 5429
55694 5430
55695 5431
55697 5432
55698 5433
55699 5434
55704 5435
55709 5436
55719 5437
55780 5438
55783 5439
55790 5440
55804 5441
55808 5442
55816 5443
55840 5444
55848 5445
55852 5446
55866 5447
55867 5448
55874 5449
55876 5450
55896 5451
55924 5452
55927 5453
55937 5454
55939 5455
55945 5456
55950 5457
55962 5458
55965 5459
55974 5460
55976 5461
55977 5462
55984 5463
55997 5464
56075 5465
56094 5466
56095 5467
56101 5468
56118 5469
56136 5470
56139 5471
56141 5472
56149 5473
56156 5474
56161 5475
56163 5476
56167 5477
56169 5478
56171 5479
56177 5480
56180 5481
56190 5482
56191 5483
56233 5484
56238 5485
56244 5486
56248 5487
56258 5488
56270 5489
56317 5490
56320 5491
56326 5492
56327 5493
56329 5494
56343 5495
56356 5496
56362 5497
56363 5498
56376 5499
56385 5500
56405 5501
56410 5502
56469 5503
56473 5504
56476 5505
56536 5506
56538 5507
56541 5508
56571 5509
56584 5510
56585 5511
56587 5512
56590 5513
56606 5514
56613 5515
56614 5516
56615 5517
56616 5518
56617 5519
56619 5520
56670 5521
56716 5522
56740 5523
56741 5524
56743 5525
56744 5526
56745 5527
56746 5528
56747 5529
56748 5530
56750 5531
56751 5532
56752 5533
56753 5534
56757 5535
56801 5536
56825 5537
56893 5538
56894 5539
56896 5540
56897 5541
56908 5542
56909 5543
56917 5544
56945 5545
56955 5546
57023 5547
57024 5548
57027 5549
57028 5550
57032 5551
57033 5552
57034 5553
57036 5554
57037 5555
57041 5556
57045 5557
57050 5558
57052 5559
57053 5560
57054 5561
57055 5562
57057 5563
57058 5564
57060 5565
57062 5566
57063 5567
57066 5568
57072 5569
57076 5570
57079 5571
57083 5572
57132 5573
57148 5574
57178 5575
57243 5576
57244 5577
57252 5578
57255 5579
57260 5580
57262 5581
57280 5582
57384 5583
57387 5584
57422 5585
57423 5586
57444 5587
57446 5588
57455 5589
57457 5590
57460 5591
57461 5592
57463 5593
57517 5594
57521 5595
57526 5596
57565 5597
57567 5598
57569 5599
57579 5600
57583 5601
57585 5602
57597 5603
57598 5604
57603 5605
57615 5606
57619 5607
57624 5608
57625 5609
57626 5610
57627 5611
57628 5612
57629 5613
57630 5614
57632 5615
57636 5616
57640 5617
57648 5618
57665 5619
57668 5620
57674 5621
57754 5622
57759 5623
57768 5624
57769 5625
57777 5626
57815 5627
57867 5628
57868 5629
57894 5630
57918 5631
57923 5632
57937 5633
57996 5634
57998 5635
58063 5636
58069 5637
58075 5638
58144 5639
58163 5640
58183 5641
58227 5642
58285 5643
58291 5644
58293 5645
58295 5646
58297 5647
58306 5648
58308 5649
58309 5650
58311 5651
58315 5652
58324 5653
58336 5654
58356 5655
58399 5656
58481 5657
58489 5658
58493 5659
58514 5660
58525 5661
58555 5662
58560 5663
58571 5664
58574 5665
58575 5666
58578 5667
58583 5668
58604 5669
58617 5670
58624 5671
58627 5672
58634 5673
58651 5674
58657 5675
58666 5676
58674 5677
58675 5678
58734 5679
58746 5680
58755 5681
58761 5682
58764 5683
58771 5684
58774 5685
58794 5686
58795 5687
58855 5688
58864 5689
58865 5690
58868 5691
58869 5692
58870 5693
58874 5694
58875 5695
58881 5696
58890 5697
58892 5698
58893 5699
58894 5700
58895 5701
58896 5702
58898 5703
58899 5704
58905 5705
58906 5706
58909 5707
58924 5708
58928 5709
58930 5710
58943 5711
58950 5712
58962 5713
58989 5714
59017 5715
59019 5716
59052 5717
59104 5718
59120 5719
59122 5720
59125 5721
59129 5722
59130 5723
59182 5724
59193 5725
59194 5726
59196 5727
59203 5728
59204 5729
59207 5730
59208 5731
59211 5732
59247 5733
59296 5734
59314 5735
59329 5736
59330 5737
59331 5738
59332 5739
59333 5740
59335 5741
59337 5742
59338 5743
59399 5744
59428 5745
59466 5746
59468 5747
59489 5748
59544 5749
59555 5750
59556 5751
59559 5752
59560 5753
59563 5754
59570 5755
59571 5756
59572 5757
59576 5758
59577 5759
59578 5760
59580 5761
59581 5762
59582 5763
59588 5764
59592 5765
59595 5766
59624 5767
59625 5768
59627 5769
59630 5770
59645 5771
59664 5772
59686 5773
59733 5774
59735 5775
59739 5776
59742 5777
59769 5778
59779 5779
59791 5780
59792 5781
59795 5782
59798 5783
59799 5784
59802 5785
59803 5786
59805 5787
59808 5788
59816 5789
59819 5790
59851 5791
59854 5792
59858 5793
59861 5794
59882 5795
59896 5796
59939 5797
59944 5798
59945 5799
59946 5800
59947 5801
59948 5802
59949 5803
59950 5804
59958 5805
59983 5806
59984 5807
59991 5808
59998 5809
60001 5810
60003 5811
60004 5812
60016 5813
60021 5814
60035 5815
60100 5816
60104 5817
60154 5818
60172 5819
60189 5820
60208 5821
60209 5822
60211 5823
60212 5824
60243 5825
60248 5826
60253 5827
60254 5828
60256 5829
60276 5830
60290 5831
60336 5832
60337 5833
60338 5834
60339 5835
60343 5836
60344 5837
60345 5838
60346 5839
60347 5840
60349 5841
60351 5842
60352 5843
60357 5844
60362 5845
60365 5846
60367 5847
60368 5848
60397 5849
60409 5850
60436 5851
60449 5852
60450 5853
60471 5854
60475 5855
60512 5856
60528 5857
60539 5858
60589 5859
60596 5860
60597 5861
60626 5862
60637 5863
60653 5864
60655 5865
60660 5866
60668 5867
60669 5868
60670 5869
60679 5870
60680 5871
60693 5872
60695 5873
60722 5874
60724 5875
60731 5876
60751 5877
60752 5878
60762 5879
60789 5880
60808 5881
60824 5882
60843 5883
60889 5884
60898 5885
60899 5886
60900 5887
60901 5888
60903 5889
60916 5890
60918 5891
60929 5892
60930 5893
60935 5894
60939 5895
60945 5896
60946 5897
60953 5898
60955 5899
60967 5900
60994 5901
61003 5902
61013 5903
61027 5904
61045 5905
61070 5906
61071 5907
61072 5908
61075 5909
61078 5910
61121 5911
61122 5912
61133 5913
61190 5914
61191 5915
61192 5916
61206 5917
61233 5918
61262 5919
61265 5920
61287 5921
61296 5922
61297 5923
61299 5924
61304 5925
61308 5926
61332 5927
61335 5928
61336 5929
61337 5930
61338 5931
61340 5932
61341 5933
61343 5934
61344 5935
61346 5936
61347 5937
61352 5938
61353 5939
61354 5940
61355 5941
61357 5942
61358 5943
61360 5944
61364 5945
61365 5946
61367 5947
61369 5948
61374 5949
61378 5950
61385 5951
61387 5952
61389 5953
61400 5954
61406 5955
61455 5956
61518 5957
61633 5958
61685 5959
61708 5960
61709 5961
61710 5962
61718 5963
61757 5964
61759 5965
61767 5966
61826 5967
61873 5968
61950 5969
61969 5970
61974 5971
61975 5972
61976 5973
61977 5974
61979 5975
61980 5976
61981 5977
61982 5978
61983 5979
61990 5980
62000 5981
62003 5982
62006 5983
62010 5984
62132 5985
62134 5986
62135 5987
62140 5988
62159 5989
62161 5990
62166 5991
62170 5992
62195 5993
62296 5994
62307 5995
62432 5996
62502 5997
62504 5998
62506 5999
62540 6000
62558 6001
62559 6002
62560 6003
62561 6004
62562 6005
62563 6006
62625 6007
62642 6008
62643 6009
62649 6010
62658 6011
62659 6012
62676 6013
62677 6014
62681 6015
62684 6016
62687 6017
62693 6018
62696 6019
62703 6020
62705 6021
62709 6022
62723 6023
62734 6024
62741 6025
62775 6026
62805 6027
62809 6028
62816 6029
62868 6030
62873 6031
62920 6032
62928 6033
62944 6034
62960 6035
62964 6036
62986 6037
63014 6038
63016 6039
63023 6040
63053 6041
63102 6042
63174 6043
63182 6044
63205 6045
63207 6046
63220 6047
63221 6048
63223 6049
63224 6050
63228 6051
63240 6052
63271 6053
63281 6054
63289 6055
63291 6056
63293 6057
63294 6058
63299 6059
63302 6060
63303 6061
63368 6062
63369 6063
63378 6064
63384 6065
63393 6066
63406 6067
63409 6068
63423 6069
63426 6070
63427 6071
63429 6072
63432 6073
63434 6074
63435 6075
63442 6076
63456 6077
63527 6078
63554 6079
63557 6080
63562 6081
63566 6082
63567 6083
63568 6084
63570 6085
63572 6086
63573 6087
63587 6088
63601 6089
63607 6090
63613 6091
63615 6092
63618 6093
63622 6094
63623 6095
63627 6096
63629 6097
63641 6098
63651 6099
63658 6100
63660 6101
63688 6102
63695 6103
63697 6104
63704 6105
63725 6106
63726 6107
63728 6108
63732 6109
63734 6110
63741 6111
63744 6112
63745 6113
63748 6114
63749 6115
63757 6116
63758 6117
63762 6118
63815 6119
63816 6120
63817 6121
63818 6122
63819 6123
63820 6124
63821 6125
63823 6126
63855 6127
63883 6128
63923 6129
63973 6130
64003 6131
64004 6132
64006 6133
64007 6134
64009 6135
64033 6136
64081 6137
64092 6138
64102 6139
64119 6140
64121 6141
64135 6142
64195 6143
64196 6144
64197 6145
64207 6146
64208 6147
64213 6148
64214 6149
64221 6150
64222 6151
64228 6152
64231 6153
64232 6154
64234 6155
64235 6156
64236 6157
64237 6158
64238 6159
64240 6160
64242 6161
64247 6162
64248 6163
64250 6164
64272 6165
64304 6166
64351 6167
64386 6168
64387 6169
64396 6170
64398 6171
64400 6172
64401 6173
64403 6174
64410 6175
64411 6176
64414 6177
64415 6178
64417 6179
64419 6180
64423 6181
64425 6182
64428 6183
64431 6184
64434 6185
64435 6186
64440 6187
64444 6188
64448 6189
64449 6190
64450 6191
64451 6192
64453 6193
64454 6194
64457 6195
64458 6196
64459 6197
64462 6198
64473 6199
64474 6200
64478 6201
64479 6202
64482 6203
64486 6204
64488 6205
64498 6206
64499 6207
64500 6208
64503 6209
64504 6210
64506 6211
64507 6212
64508 6213
64509 6214
64510 6215
64511 6216
64512 6217
64515 6218
64516 6219
64517 6220
64521 6221
64522 6222
64527 6223
64531 6224
64533 6225
64535 6226
64536 6227
64538 6228
64540 6229
64543 6230
64545 6231
64548 6232
64549 6233
64550 6234
64551 6235
64552 6236
64554 6237
64556 6238
64561 6239
64562 6240
64566 6241
64570 6242
64571 6243
64573 6244
64576 6245
64577 6246
64579 6247
64580 6248
64581 6249
64585 6250
64588 6251
64591 6252
64592 6253
64594 6254
64596 6255
64598 6256
64603 6257
64605 6258
64610 6259
64611 6260
64737 6261
64742 6262
64765 6263
64790 6264
64814 6265
64827 6266
64829 6267
64831 6268
64877 6269
64898 6270
64920 6271
64948 6272
64952 6273
64976 6274
64981 6275
64993 6276
64994 6277
65017 6278
65042 6279
65052 6280
65136 6281
65148 6282
65152 6283
65177 6284
65178 6285
65182 6286
65183 6287
65185 6288
65191 6289
65221 6290
65223 6291
65224 6292
65384 6293
65437 6294
65478 6295
65480 6296
65483 6297
65484 6298
65501 6299
65516 6300
65525 6301
65526 6302
65527 6303
65530 6304
65531 6305
65532 6306
65536 6307
65538 6308
65546 6309
65575 6310
65576 6311
65579 6312
65580 6313
65586 6314
65591 6315
65592 6316
65616 6317
65631 6318
65647 6319
65653 6320
65655 6321
65700 6322
65777 6323
65785 6324
65786 6325
65808 6326
65813 6327
66064 6328
66101 6329
66126 6330
66135 6331
66147 6332
66167 6333
66184 6334
66199 6335
66204 6336
66208 6337
66257 6338
66259 6339
66278 6340
66280 6341
66290 6342
66294 6343
66304 6344
66336 6345
66353 6346
66355 6347
66358 6348
66376 6349
66377 6350
66441 6351
66465 6352
66493 6353
66494 6354
66495 6355
66496 6356
66500 6357
66501 6358
66503 6359
66505 6360
66511 6361
66529 6362
66530 6363
66625 6364
66653 6365
66661 6366
66678 6367
66720 6368
66726 6369
66795 6370
66803 6371
66830 6372
66852 6373
66869 6374
66872 6375
66873 6376
66874 6377
66875 6378
66877 6379
66887 6380
66891 6381
66899 6382
66909 6383
66986 6384
67007 6385
67015 6386
67030 6387
67048 6388
67126 6389
67127 6390
67158 6391
67172 6392
67175 6393
67236 6394
67257 6395
67285 6396
67288 6397
67298 6398
67331 6399
67423 6400
67425 6401
67431 6402
67450 6403
67451 6404
67455 6405
67476 6406
67519 6407
67529 6408
67535 6409
67538 6410
67540 6411
67543 6412
67573 6413
67577 6414
67588 6415
67646 6416
67666 6417
67669 6418
67670 6419
67671 6420
67675 6421
67679 6422
67681 6423
67683 6424
67708 6425
67713 6426
67764 6427
67806 6428
67817 6429
67833 6430
67841 6431
67856 6432
67890 6433
67897 6434
67930 6435
67932 6436
67935 6437
68017 6438
68071 6439
68076 6440
68095 6441
68105 6442
68120 6443
68123 6444
68131 6445
68135 6446
68137 6447
68138 6448
68139 6449
68151 6450
68153 6451
68154 6452
68156 6453
68157 6454
68160 6455
68164 6456
68170 6457
68171 6458
68173 6459
68174 6460
68176 6461
68177 6462
68178 6463
68179 6464
68180 6465
68183 6466
68191 6467
68198 6468
68202 6469
68206 6470
68207 6471
68220 6472
68227 6473
68228 6474
68276 6475
68288 6476
68309 6477
68310 6478
68316 6479
68319 6480
68341 6481
68344 6482
68405 6483
68412 6484
68517 6485
68543 6486
68566 6487
68574 6488
68576 6489
68578 6490
68580 6491
68589 6492
68590 6493
68591 6494
68600 6495
68601 6496
68604 6497
68610 6498
68629 6499
68663 6500
68668 6501
68672 6502
68674 6503
68678 6504
68679 6505
68690 6506
68695 6507
68711 6508
68720 6509
68737 6510
68738 6511
68740 6512
68793 6513
68802 6514
68815 6515
68816 6516
68846 6517
68916 6518
68936 6519
68954 6520
68963 6521
68978 6522
69089 6523
69108 6524
69163 6525
69171 6526
69173 6527
69176 6528
69177 6529
69202 6530
69223 6531
69236 6532
69239 6533
69326 6534
69366 6535
69380 6536
69384 6537
69386 6538
69392 6539
69412 6540
69573 6541
69594 6542
69682 6543
69709 6544
69710 6545
69723 6546
69828 6547
69863 6548
69870 6549
69919 6550
69926 6551
69928 6552
69950 6553
69978 6554
70005 6555
70022 6556
70048 6557
70081 6558
70085 6559
70089 6560
70092 6561
70101 6562
70105 6563
70118 6564
70121 6565
70157 6566
70159 6567
70161 6568
70192 6569
70197 6570
70198 6571
70221 6572
70230 6573
70251 6574
70255 6575
70291 6576
70309 6577
70325 6578
70332 6579
70334 6580
70374 6581
70398 6582
70401 6583
70404 6584
70410 6585
70510 6586
70535 6587
70542 6588
70600 6589
70683 6590
70688 6591
70707 6592
70727 6593
70732 6594
70790 6595
70795 6596
70803 6597
70809 6598
70813 6599
70817 6600
70820 6601
70824 6602
70831 6603
70834 6604
70836 6605
70838 6606
70840 6607
70844 6608
70845 6609
70850 6610
70855 6611
70868 6612
70869 6613
70871 6614
70872 6615
70873 6616
70875 6617
70876 6618
70879 6619
70885 6620
70895 6621
70896 6622
70898 6623
70908 6624
70948 6625
71044 6626
71047 6627
71048 6628
71049 6629
71063 6630
71145 6631
71172 6632
71191 6633
71203 6634
71272 6635
71294 6636
71295 6637
71297 6638
71308 6639
71372 6640
71373 6641
71374 6642
71382 6643
71385 6644
71405 6645
71454 6646
71468 6647
71480 6648
71528 6649
71533 6650
71541 6651
71542 6652
71562 6653
71583 6654
71586 6655
71608 6656
71618 6657
71621 6658
71623 6659
71630 6660
71658 6661
71659 6662
71663 6663
71742 6664
71793 6665
71795 6666
71796 6667
71797 6668
71798 6669
71829 6670
71845 6671
71857 6672
71863 6673
71866 6674
71885 6675
71890 6676
71898 6677
71952 6678
71955 6679
71957 6680
71969 6681
72040 6682
72044 6683
72045 6684
72052 6685
72064 6686
72068 6687
72117 6688
72167 6689
72194 6690
72274 6691
72276 6692
72277 6693
72334 6694
72348 6695
72478 6696
72495 6697
72572 6698
72579 6699
72613 6700
72688 6701
72689 6702
72817 6703
72821 6704
72882 6705
72893 6706
72901 6707
72915 6708
72920 6709
72922 6710
72929 6711
72930 6712
72933 6713
72939 6714
72940 6715
72941 6716
72943 6717
72982 6718
72996 6719
73026 6720
73027 6721
73056 6722
73064 6723
73123 6724
73140 6725
73254 6726
73258 6727
73269 6728
73271 6729
73275 6730
73279 6731
73280 6732
73290 6733
73333 6734
73338 6735
73516 6736
73565 6737
73583 6738
73686 6739
73688 6740
73713 6741
73747 6742
73774 6743
73778 6744
73779 6745
73780 6746
73781 6747
73782 6748
73783 6749
73797 6750
73803 6751
73805 6752
73806 6753
73810 6754
73825 6755
73827 6756
73829 6757
73832 6758
73846 6759
73872 6760
73903 6761
73979 6762
74003 6763
74008 6764
74015 6765
74038 6766
74039 6767
74085 6768
74091 6769
74109 6770
74201 6771
74210 6772
74211 6773
74213 6774
74227 6775
74244 6776
74324 6777
74326 6778
74333 6779
74336 6780
74337 6781
74338 6782
74341 6783
74342 6784
74344 6785
74345 6786
74359 6787
74372 6788
74398 6789
74617 6790
74618 6791
74622 6792
74691 6793
74703 6794
74834 6795
74836 6796
74837 6797
74901 6798
74902 6799
74926 6800
74930 6801
74931 6802
74993 6803
75014 6804
75015 6805
75017 6806
75025 6807
75034 6808
75035 6809
75055 6810
75065 6811
75072 6812
75080 6813
75120 6814
75131 6815
75229 6816
75264 6817
75272 6818
75445 6819
75523 6820
75562 6821
75569 6822
75693 6823
75707 6824
75714 6825
75716 6826
75735 6827
75770 6828
75981 6829
76001 6830
76003 6831
76021 6832
76027 6833
76061 6834
76137 6835
76138 6836
76203 6837
76247 6838
76291 6839
76342 6840
76376 6841
76377 6842
76431 6843
76442 6844
76454 6845
76517 6846
76518 6847
76519 6848
76570 6849
76607 6850
76641 6851
76688 6852
76730 6853
76755 6854
76849 6855
76860 6856
76921 6857
77026 6858
77226 6859
77537 6860
77812 6861
77950 6862
77951 6863
78001 6864
78003 6865
78071 6866
78079 6867
78100 6868
78122 6869
78125 6870
78129 6871
78201 6872
78216 6873
78272 6874
78275 6875
78362 6876
78435 6877
78500 6878
78574 6879
78575 6880
78629 6881
78647 6882
78657 6883
78743 6884
78831 6885
78862 6886
79043 6887
79060 6888
79089 6889
79090 6890
79330 6891
79331 6892
79391 6893
79395 6894
79537 6895
79539 6896
79540 6897
79541 6898
79544 6899
79559 6900
79656 6901
79745 6902
79763 6903
79783 6904
79837 6905
79847 6906
79896 6907
79906 6908
79981 6909
80086 6910
80192 6911
80296 6912
80300 6913
80302 6914
80385 6915
80477 6916
80521 6917
80527 6918
80532 6919
80550 6920
80679 6921
80796 6922
81057 6923
81063 6924
81256 6925
81306 6926
81503 6927
81543 6928
81551 6929
81854 6930
82141 6931
82306 6932
82405 6933
82702 6934
83248 6935
83286 6936
83304 6937
83318 6938
83702 6939
83917 6940
84010 6941
84068 6942
84267 6943
84415 6944
84587 6945
84871 6946
84933 6947
85458 6948
85691 6949
86270 6950
87059 6951
87496 6952
89174 6953
