0 112 140 141 142 82 143 118 41 115 103 144 145 146 147 128 148 149 101 150 151 152 51 153 154 155 156 157 158 18 4 159 160 161 162 163 164 165 79 166 167 168 169 170 171 172 173 174 175 176 28 177 178 179 180 181 182 183 184
1 193 17 123 194 11 195 196 197 198 47 199 24 22 200 201 202 100 203 38 204 188 51 205 97 102 129 206 207 109 208 18 29 209 210 211 212 213 214 215 216 150 217 218 133 219 87 89 107 91 220 221 186 222 108 223 170 224 92 184 225 139 226 227
2 98 40 70 13 81 253 23 106 117 254 18 39 26 190 100 132 235 241 83 188 21 29 42 206 153 216 255 105 256 109 257 138 210 252 258 66
3 362 198 41 56 364 259 366 44 269 143 27 77 103 384 385 386 387 145 350 126 388 302 389 59 390 318 391 336 191 392 247 393 342
4 81 67 141 98 299 195 120 371 118 422 423 354 331
5 249 13 267 23 67 11 85 26 114 18 39 306 254 269 195 335 82 41 119 25 186 143 74 103 270 56 47 187 96 30 364 271 29 202 350 366 276 203 100 362 150 450 415 6 384 110 28 51 145 235 289 396 209 386 101 241 148 336 272 240 273 451 224 379 389 274 32 238 31 277 290 53 109 275 452 239 397 330 208 410 4 453 88 210 206 380 157 133 54 35 281 372 292 191 454 286 455 373 391 404 57 161 211 440 283 244 113 377 245 111 442 361 441 343 393 288 176 89 444 433 319 342 262 345 359 346 456 403 445 151 222 92 443 381 457 139 458 459 460 199 348 121 353 428 358 135 461 122 399 462 309 170 257 463 446 66 464 465 423 466 287 467 468 469 470 354 471 472 332 328 448 473 474 258 475 356 476
6 13 365 376 50 236 77 364 267 265 11 18 16 123 478 335 269 366 268 22 143 159 479 199 24 200 27 46 28 367 384 271 201 385 96 480 165 138 386 289 51 451 481 209 313 482 388 204 483 59 276 291 484 224 485 255 389 379 486 31 390 487 274 392 488 425 109 102 290 275 318 61 208 397 489 347 191 34 210 410 490 453 206 491 211 492 166 493 213 494 495 454 286 285 53 54 455 496 57 497 391 498 499 373 256 414 369 65 500 501 502 111 377 243 503 287 215 504 505 297 63 113 339 506 246 171 219 169 507 245 393 340 508 135 176 343 247 283 509 177 441 510 511 167 248 512 181 513 514 443 515 433 516 183 458 517 408 518 223 64 519 520 521 411 522 444 523 459 346 524 525 526 139 446 428 527 427 193 381 528 529 530 531 348 532 394 278 405 533 534 406 535 536 537 538 539 412 66 540 541 173 542 543 544 545 257 546 382 547 548 549 184 426 550 468 439 551 552 20 553 554 555 556 557 558 559 431 560 467 409 122 561
7 2 20 17 325 236 142 85 197 11 107 196 159 74 24 301 200 15 42 18 22 362 0 193 125 25 23 29 387 33 28 8 313 46 72 235 19 32 390 417 97 277 110 397 543 206 101 35 207 155 255 215 31 242 415 281 284 167
8 106 23 11 13 356 77 361 195 269 118 45 24 25 202 96 30 350 235 387 51 371 273 322 390 274 452 188 415 330 277 397 208 29 210 206 455 404 211 377 369 442 413 571 183 262 408 346 572 381 438 446 294 423 540 398 573 429 66 189 551 574
9 13 23 74 11 26 254 306 25 195 187 100 29 209 51 101 225 109 206 217 35 94 447 575
10 140 193 13 81 197 22 233 362 25 18 77 236 96 33 305 5 234 203 159 120 190 125 100 147 300 451 235 238 387 239 292 282 231 268 265 271 577 72 379 49 390 32 421 82 128 97 153 154 397 29 255 206 404 453 210 155 217 218 158 133 35 207 277 281 17 3 380 372 215 498 373 267 335 270 289 266 200 290 124 272 284 111 374 337 422 245 324 224 176 571 441 443 408 182 178 522 444 340 572 457 568 428 427 226 381 94 578 535 109 405 579 573 382 548 354 468 309 551 287 447 580 552 430 581 582 569 401 583 584 476 585 258 586 587 588 329 589 590 591 592 434 593 416
11 195 271 48 62 198 94 35 50 141 161 305 175 232 225 171 264 262 132 536
12 7 20 71 3 80 67 254 18 119 130 230 21 11 123 82 213 13 41 25 306 94 73 96 269 43 145 194 147 30 387 255 390 109 1 198 102 241 16 29 209 205 32 217 4 310 111 441 444 361 223 75 53 68 54 396 572 571 89 106 573 381 150 408 551 405 584 244
13 50 17 236 114 268 159 303 118 199 24 201 271 96 165 125 276 451 577 204 273 272 387 379 274 390 290 205 380 453 281 454 215 455 498 243 414 287 337 246 340 176 173 288 443 433 223 522 346 568 226 427 528 381 535
14 11 47 22 261
15 194 220 193 17 236 230 197 242 269 195 50 160 200 47 125 276 300 24 273 323 289 97 275 270 205 48 380 335 207 281 124 215 272 234 266 199 204 414 111 167 337 103 176 441 201 345 443 433 223 221 604 525 544 428 226 381 528 267 394 535 405 542 89 91 466 287 92 553
16 598 160 16 36 6 18 44 374 441 408 305 152 52 69 131 117 62 79 127 94 38 157 238 39 378 198 311
17 249 263 85 94 77 150 51 129 143 52 133 240 285 128 63 40 393 245 343 56 11 58 247 88 518 517 64 421 411 523 622 441 623 560 624 72 54 87 86 516 532 533 278 412 336 163 121 625 352 626 157 53 346 350 66 627 341 467 628 89 629
18 3 253 157 76 62 195 41 47 107 263 85 196 28 303 48 50 103 51 67 235 313 101 31 193 188 229 397 307 120 216 452 277 45 395 141 18 151 155 415 206 32 494 11 29 634 23 336 293 256 53 54 341 284 362 134 260 25 565 507 224 161 156 294 417 635 135 245 436 78 285 526 58 222 113 244 567 456 345 458 636 283 353 278 439 637
19 383 486
20 77 21 269 29 271 209 25 5 30 272 23 0 232 129 10 455 437 111 287 165 51 246 441 176 374 178 408 444 405 462 447 459
21 39 198 356 321 325 416 266 123 293 254 335 67 11 291 363 47 150 143 103 145 202 159 80 110 450 114 289 49 140 350 101 263 0 120 126 241 96 4 30 290 109 191 77 208 51 214 452 414 274 336 111 374
22 282 6 23 20 238 239 292 231 265 268 271 236 325 162 108 477 128 421 232 72 305 127 601 39 115 107 451 387 379 390 453 452 362 498 404 243 186 571 111 103 277 441 30 244 178 522 572 11 26 444 439 573 382 468 551 552 490 345 442 455 578 135 230
23 17 23 194 85 267 265 11 193 123 26 197 335 268 362 195 25 72 230 159 18 47 24 185 196 200 270 271 396 187 100 125 22 28 299 120 48 289 451 145 272 101 415 141 209 379 300 361 452 290 205 453 217 380 211 494 215 455 256 377 287 422 337 246 161 507 176 244 413 443 286 111 441 105 269 458 408 359 444 522 135 525 428 427 226 460 381 394 540 405 423 462 399 438 550 331 382 468 680 574 328 581 582 570 585
24 121 122 378 73 356 26 291 349 24 269 195 25 435 187 110 396 209 304 51 45 126 273 300 240 249 595 77 143 109 28 361 275 274 141 163 185 208 454 350 229 102 336 53 54 598 413 58 343 625 248 421 433 137 404 541 682 174 400 352 244
25 634 98 362 267 310 25 356 23 44 80 30 266 233 202 289 75 241 254 77 272 450 101 372 110 209 455 290 219 440 324 246 286 245 428 438 170 335 131 540
26 416 304 147 158 105 141 190 300 182
27 17 267 269 195 47 159 24 197 199 200 335 271 165 125 100 276 272 270 274 22 97 208 281 396 29 455 289 32 206 211 377 256 287 246 339 340 321 288 443 433 60 223 111 441 568 343 381 428 226 444 408 536 439 431 430 409 688 581 569 667 689 548 283 592 593
28 193 85 11 1 117 196 42 263 307 77 26 254 25 195 23 112 253 15 24 18 7 5 46 124 240 13 106 74 67 19 56 40 365 364 366 384 103 367 20 115 163 28 386 6 313 51 389 314 410 336 53 671 54 301 491 391 601 452 312 277 341 310
29 259 321 325 236 196 5 11 85 46 480 482
30 85 267 265 38 197 361 29 268 159 16 327 24 50 4 385 96 239 234 165 387 128 481 146 272 101 130 104 305 277 390 487 330 290 380 577 675 211 566 284 168 397 103 60 522 457 427 86 441 544 572 446 351 394
31 23 267 123 335 270 96 234 241 51 145 272 188 452 208 404 210 454 498 111 287 377 176 178 433 526 246 458 444 522 457 403
32 194 267 265 123 335 269 268 41 270 271 96 186 396 25 276 289 451 272 209 273 379 274 304 290 188 275 208 453 4 109 380 97 361 454 498 455 414 287 500 138 339 357 343 176 246 171 87 433 443 183 111 441 346 444 522 398 428 381 528 427 114 169 89 535 382 91 170 466 102 460 538 582 673 585 587
33 13 1 253 40 8 18 11 267 23 36 266 254 26 73 196 263 195 77 362 25 303 230 148 361 269 103 185 29 396 271 100 417 350 151 369 284 374 111 286 440 113 441 222 345 245 403 436 459 445 288 458 444 399 446 328 413 400 475 449 526
34 98 119 141 325 78 17 81 310 197 123 22 233 24 634 200 100 120 300 125 235 234 101 159 225 97 207 0 105 215 154 167 151 422 337 544 295 428 535
35 435 80 349 378 117 23 291 396 367 25 241 96 272 122 126 138 357 210 356 242 330 120 287 299 176 266 413 51 335 124 270 290 380 289 443 269 428 220 111 535 468 422 381 328
36 69 16 7 13 23 26 112 327 307 11 29 103 33 159 269 361 24 396 268 203 125 51 234 265 277 274 453 380 206 217 281 494 285 455 498 211 287 404 413 340 330 176 288 509 507 456 178 428 381 139 535 540
37 14 36 363 4 37 253 40 39 356 74 264 198 230 13 302 311 77 18 267 195 80 378 123 197 200 47 231 145 235 241 270 299 165 268 194 188 289 271 577 300 45 273 291 209 51 204 109 272 3 240 275 133 274 99 157 217 205 186 601 451 210 1 357 377 414 207 396 243 304 102 215 246 422 138 118 290 0 58 153 379
38 124 266 249 327 128 119 230 365 240 97 498 414 339 287 239 282 292 231 265 290 380 272 335 270 289 441 443 507 408 271 343 522 405 561 574 795 693 796 419 669 797 662 697 632 687 633 753 798 799 654 749 800 801 605 802 803 804 805 806
39 69 303 415 235 32 101 216 218 168 155 422 184 332 423
40 106 74 45 361 305 195 267 118 67 29 25 22 268 239 96 100 271 165 450 396 289 451 322 300 371 272 32 390 379 188 277 206 453 225 255 35 211 207 285 494 377 284 136 414 243 339 455 246 498 340 169 111 319 441 571 443 223 522 403 219 283 438 294 460 446 579 536 542 464 189 430 573
41 194 24 200 17 363 196 289 276 266 267 335 270 272 304 290 0 22 101 104 216 217 380 117 188 25 23 97 74 269 69 35 437 310 286 287 246 111 441 176 222 443 182 444 223 60 395 312 319 404 457 428 26 462 353 540 447 431 423 820
42 118 206 112 68 254 29 397 395 130 494 23 97 135 414 277 18 290 507 340 283 288 267 113 262 170 101 183 381 373 207 405 139 132 457 464 35 447 528 462 332 430 252 30 474 431
43 94 303 361 116 131 232 363 198 142 76 100 360 22 38 107 52 634 305 62 130 291 141 25 127 67 260 109 284 161 45 261 86 319 306 186 162 11 129 70 254 68 69 108 423 157 359 105 18 435
44 2 142 17 43 325 193 40 634 197 123 195 349 198 159 73 267 48 50 335 47 270 200 103 236 125 289 203 85 485 577 29 276 154 238 290 14 490 36 4 41 145 205 266 301 380 160 860 207 336 617 861 564
45 24 200 365 293 366 367 145 47 273 387 242 163 384 126 392 385 289 275 272 396 386 388 214 357 281 397 454 274 211 377 414 89 191 287 246 247 96 91 443 433 338 444 196 92 223 463 224 319 244 528 406 257 173 73 466 431 559 517 430 424
46 29 304 100 28 241 300 147 51 417 140 577 322 371 272 225 390
47 20 6 27 367 96 594 386 387 145 121 122 126 336 59 388 389 484 390 482 53 425 318 61 489 259 156 410 191 4 342 671 54 492 166 491 638 827 497 499 391 57 65 347 927 501 341 493 496 502 846 175 393 508 63 811 418 571 248 625 137 506 91 511 513 814 181 516
48 197 13 18 20 159 230 47 48 112 195 96 7 33 15 12 17 362 200 387 235 1 125 325 236 29 9 145 577 361 25 32 371 78 267 270 266 390 335 130 272 289 124 290 50 97 188 277 380 206 5 306 415 211 261 116 494 207 71 417 4 242 276 337 194 111 176 441 571 288 238 443 244 239 292 444 572 224 526 363 428 231 282 265 535 423 359 268 462 271 451 294 379 135 287 189 453 498 551 468 22
49 239 81 230 47 14 362 36 4 327 267 270 269 119 25 335 361 67 186 30 29 289 125 272 350 290 380 210 71 287 176 443 94 339 111 441 68 281 3 322 271 381 522 460
50 482 485 425 490 493 492 489 484 497 499 390 501 65 508 929 521 557 639 539 529 1007 613 642 886 1008
51 20 50 195 72 253 103 269 711 48 6 77 30 29 96 159 365 350 129 240 56 594 165 36 163 364 100 107 47 362 396 366 384 230 386 421 51 270 367 124 196 121 122 666 128
52 81 141 2 116 14 249 71 22 36 4 3 79 235 44 330 133 97 47 193 196 89 91 72 241 332 253
53 300 91 625 461 814 510 758 516 698 828 1052 738 299 250 251 663 810 849 407 745 710 546 545 90 850 549 627 554 354 1053 409 739 470 829 84 1016 681 419 796 669
54 240 367 56 364 366 384 386 389 410 163 138 311 391 264 393 411 412 73 821
55 123 197 81 361 195 335 269 2 268 118 33 303 103 22 159 24 200 27 594 46 28 270 202 201 385 96 396 350 234 165 203 120 125 276 150 110 300 289 235 387 51 31 272 101 32 577 100 126 371 204 273 151 277 188 390 487 274 97 275 109 205 208 191 397 210 453 217 211 224 207 35 372 494 675 454 566 215 105 283 455 404 57 498 373 285 256 284 369 414 377 422 161 113 244 436 337 324 222 413 176 635 343 442 172 173 247 509 463 441 507 319 345 443 288 526 294 433 636 456 403 408 116 522 60 223 170 458 517 518 183 567 359 246 565 286 346 572 375 525 459 524 139 457 544 568 446 428 427 135 226 381 528 460 348 578 394 278 535 439 353 405 423 462 399 540 542 573 714 352 676 464 382 429 400 548 426 550 552 553 551 287 559 431 680 561 252 574 906 328 581 688 280 474 887 692 582 334 673 476 667 700 999 258 583
56 275 336 53 11 490 54 671 133 211 493 496 347 377 341 57 80 137 508 562 625 510 89 91 514 505 499 814 461 758 521 346 525 139 527 520 1077 534 1023 539 820 746 66 1015 831 400 547 989 968 818 602 603 1078
57 43 7 14 36 4 41 308 123 10 70 601 145 203 195 48 76 47 50 253 69 205 73 186 168 11 261 149 206 417 244 29 436 439 89 91 92 552
58 199 197 48 200 47 198 187 50 201 186 269 270 96 100 203 25 276 125 387 202 238 239 120 292 282 265 231 271 268 101 204 451 272 273 24 379 335 185 361 390 453 133 77 293 330 205 161 498 211 377 414 212 422 608 253 179 221 351 103 170 522 183 171 223 102 690 572 111 441 182 427
59 112 255 322 72 99 477 128 217 174 178 107 360 111 184 441 444 38 620 423 108 244 460 323 429 426 262 552
60 16 130 195 1 18 39 40 22 200 202 201 52 199 269 272 186 225 235 204 147 124 289 270 188 209 267 47 266 133 35 290 362 380 335 274 134 414 157 324 268 288 140 443 455 428 759 405 579 295 212 462 14 36 4 37 41 145 224 89 91 92
61 813 419 802 800 633 654
62 200 50 48 83 47 201 194 396 234 203 125 235 289 451 270 267 335 300 272 577 138 204 209 371 187 379 188 290 205 97 453 380 215 498 243 287 422 71 176 171 443 262 522 428 427 620 568 382
63 325 236 664 194 25 24 201 96 276 272 273 213 45 185 287 339 169 319 433 223 428 528 535 394 426 540 183 896 887
64 228 411 530 493 496 538 59 61 638 63 64 532 229 65 1081 705 950 969 686 539 684 1140 1153 651 723 724 1154 652 788 1027 1155 482 484 1066 425 974 489 966 492 499 729 508 521 534 1083 821 1156 1078 1157 1158 640 935 708 719 643 1159 646 733 838 730 641 1026 1160 1058 653 949 1087 771 1085 318 502 511 1134 657 1161 1162 1163 1164 1098 1035 658 774 1025 883 1165 1166 1167 782 1168 278 1169 1104 1112 936 945 1170 1171
65 42 106 26 362 43 310 74 119 3 232 302 18 120 28 123 371 363 147 188 305 127 101 209 69 110 190 113 31 372 108 288 254 111 444 255 441 62 457
66 196 193 37 107 41 234 27 307 110 225 313 6 32 277 145 417 4 22 284 167 373 135 105 244 168 635 636 518 60 568 436 445 375 578 278 405 525 543 295 308 559 409 561 439 716 709 566 633 696
67 47 195 50 14 36 4 145 37 160 203 264 43 307 95 51 5 123 48 72 285 75 115 369 243 15 163 245 343 507 11 351 56 364 366 362 384 386 389 410 336 53 54 341 391 393 411 538 412 186 574 244 293
68 455 287 337 246 176 340 443 408 405 525 428 226 381 535 446 540 431 430 328
69 94 76 100 305 115 127 152 477 162 298 120 119 190 62 147 300 67 38 323 371 304 104 153 416 395 95 216 210 29 31 206 260 261 68 105 363 422 151
70 254 693 716 796 329 797 420 697 799 753 654 798 803
71 124 132 20 325 190 273 147 203 302 327 387 371 143 290 25 141 335 270 71 123 414 197 120 339 232 362 2 357 598 267 266 443 380 102 422 176 272 109 105 218 398 125 460 536 374 235 429 428 205
72 143 22 39 11 93 336 224 53 342 846 87 503 89 341 754 344 91 181 402 461 743 636 516 622 623 841 92 624 698 472 848 1052 738 251 663 810 407 745 1023 626 558 90 1217 1228 628 739 1016
73 608 179 889 793 604 736 531 1051 898 933 795 1137 227 1146 1050 637 1010 1138 904 1139
74 103 22 76 2 269 51 25 390 270 267 289 281 285 254 335 208 290 272 284 378 86 97 4 397 380 172 151 413 565 24 487 571 494 351 200 178 111 244 223 441 60 444 345 442 572 89 428 578 458 278 176 535 35 429 568
75 30 53 452 206 19 14 4 37 41 145 235 105 341 129 373 284 168 436 565 635 222 172 56 364 366 384 386 389 410 365 351 461 72 421 162 671 87 135 348 405 408 550 417 323 253 669 329
76 415 361 225 29 62 187 94 3 85 277 186 310 308 70 294 192 132 32 157 435 744 232
77 138 213 163 209 453 206 210 109 322 77 191 455 211 377 267 246 408 635 111 381 457 423 394
78 103 495 512 939 1011 277
79 396 211 377 56 364 366 384 113 436 244 111 441 386 389 72 410 526 170 458 444 121 375 139 87 92 619 126 352 579 469 689 687 357 183 175 241 438 605 178 806
80 25 396 270 384 22 386 30 289 238 145 387 385 481 272 239 350 389 292 390 487 290 208 452 453 410 380 224 691 287 256 336 393 245 176 284 571 351 361 111 443 266 411 428 381
81 47 27 103 78 20 11 387 17 390 383 414 246 571 572 695 930 536
82 175 134 485 436 625 247 458 408 375 461 459 55 560 406 752 574 669 419 697 749 633 801 802 804 654
83 78 27 312
84 408 542 884 553 924 574 550 693 929 144 879 797 687 697 799 656 605
85 272 96 577 42 595 543 486 31 51 313 388 417 306 255 208 120 299 191 151 156 210 277 274 72 99 209 404 23 495
86 741 687 799 656 605
87 118 45 28 204 145 76 131 371 73 274 11 48 299 304 104 293 306 300 208 397 120 380 4 35 277 264 89 256 155 33 372 288 138 91 351 213 395 191 283 284 343 92 186 359 273 111 460 441
88 100 241 110 450 94 360 33 150 117 206 217 255 232 210 16 35 135 374 107 106 494 372 109 178 567 437 403 445 286 526 353 462 457 459 458 464 447 552 280 404 448 473 258 689 116 476 700 676 716 701 670 474
89 31 96 29 417 415 54 373 283 369 372 284 32 116 105 286 256 341 198 168 377 0 422 154 161 436 440 244 380 374 339 635 413 245 463 113 507 172 345 294 11 10 636 288 269 319 518 359 223 375 567 139 242 568 127 285 7 457 381 565 460 170 446 232 353 394 528 399 462 358 542 66 26 454 714 354 437 466 111 447 441 559 107 183 331 430 431 220 475 580 280 328 569 476 448 700 667 473 404 586 401
90 671 54 388 187 88 93 59 61 638 659 491 418 89 391 756 87 57 503 342 77 846 562 72 245 247 347 369 58 393 747 625 461 514 224 174 111 516 757 411 523 517 318 166 108 502 511 560 623 92 392 527 938 291 29 879 698 62 482 1182 533 484 529 828 520 344 5 251 277 115 489 663 841 859 308 407 492 848 1001 538 499 537 626 493 810 496 66 563 547 546 531 109 549 628 1217 554 257 818 545 465 1053 175 181 253 629 1016 84 412 826 752 750 694 892 558 1013 669 940 686 845 684 893
91 143 417 322 188 235 388 566 374 285 53 18 261 284 54 212 275 341 415 495 6 287 608 219 179 889 939 604 609
92 435 156 53 336 291 148 342 397 491 160 671 361 827 54 85 541 301 224 28 846 29 927 75 452 248 19 418 11 341 175 89 503 595 105 57 505 659 87 754 506 137 811 344 562 349 172 510 625 756 55 91 598 747 814 461 402 181 516 743 758 1002 737 820 938 859 560
93 613 612 717 760 616 989 1288 800 981 931 1035 762 763 838 649 1334 1056 615 1017 1192 618 1269 727 1070 640 1005 1140 834 726 837 1335 1124 1111 963 1025 1327 1325 1004 918 987 1149 1003 1336 719 988 1187 1271 1213 992 1337 883 976 1131 956 1037 942 945 1094 1338 917 1259 785 1272 1312 718 1339 722 1328 1088 1189 934 712 723 1241 916 857 1340 994 784 909 1324 720 788 1096 1300 724 835 1193 946 1341 982 1092 920 840 1158 1342 983 1040 1343 951 1160 1344 1280 1345 1209 959 733 1257 1072 792 974 921 655 995 734 948 919 728 1256 1134 1039 1294 771 1317 1332 1304 1235 1323 1346 805 975 1307 1347 657 1113 1348 1006 1349 1350 1027 1106 1351 1352 1353 833 852 853 1147 910 1354 1165 1355 1047 1168 1356 1357 985 1048 1358 1203 1173 855 1223 1359 1360 1361 1362 1363 1144 1364 1089 1365 775 1366 1198 1367 769 1368 1046 1075 1369
94 11 30 577 272 31 224 78 205 208 165 125 452 277 241 379 186 270 35 330 451 112 285 238 380 336 284 436 245 565 287 172 507 310 203 526 443 510 183 359 351 60 313 375 498 456 390 460 568 428 427 515 536 540 417 445 567 459 714 66 741 535 431 448 551 283 280 337 475 693 258 570 334
95 495 168 57 512 91 889 1054 743 517 793 60 911 227 251
96 109 351 170 81 74 8 255 182 76 104 371 235 315
97 299 304 190 141 67 120 303 298 32 147 300 142 140 188 187 97 153 104 154 216 151 168 422 233 158 195 98 95 286 284 192 262 131 182 241 620 358 354 429 229 228 331
98 386 367 59 484 425 314 482 61 163 489 388 389 318 492 166 490 410 496 499 65 325 236 502
99 266 231 240 272 267 335 270 289 194 239 200 197 24 236 330 274 452 273 125 230 290 269 208 220 356 379 451 268 271 265 282 292 48 101 196 202 378 86 51 121 453 4 123 205 380 336 138 211 206 77 237 275 291 228 577 30 454 494 35 215 455 203 283 498 44 57 373 219 369 111 287 338
100 51 143 224 163 342 410 4 57 827 811 515 510 516 841 560 938 89 92 698 1052 533 663 538 746 710 1023 257 549 558 465 628 892 470 626 55 1183 739 1016 686 461 893 537 1001
101 389 273 365 145 36 4 37 14 41 410 266 124 267 270 418 380 335 289 290 256 55 413 245 343 246 370 525 406 536 540 542 309 555 257 465 879 438 400 629 892 333 704 686
102 300 272 417 148 120 224 29 22 235 28 577 25 273 198 187 302 322 203 415 188 238 32 452 62 31 97 254 397 48 395 242 0 38 260 494 35 455 380 117 274 281 128 230 404 284 111 176 124 443 178 175 437 109 181 743 155 51 222 441 444 182 458 209 139 310 346 428 73 107 568 149 226 269 620 457 459
103 128 601 277 97 290 85 321 308 35 285 284 211 377 62 340 176 330 565 452 456 428 540 399 400 66 309 139 431 448 574 328 475 689 334 697 701 588 662 605
104 347 492 166 638 493 497 391 499 65 318 501 508 513 64 521 411 794 529 530 538 539 412 968 978 871 1008 821 826 640 865 684 886 652 632 1164 656
105 224 415 31 417 1 112 106 188 94 33 116 205 277 261 395 206 26 148 216 109 155 255 217 404 153 452 35 99 151 198 321 285 38 213 108 209 86 186 62 49 308 283 372 598 305 336 73 161 70 88 440 3 87 141 373 244 294 374 455 89 362 625 91 526 10 29 111 461 359 422 92 284 402 135 132 139 152 436 232 309 121 460 438 361 575 449
106 277 330 111 89 525 572 92 520 528 161 102 509 1091 524 244 223 60 743 738 139 309 573 1001 407 579 1023 257 460 462 170 466 540 1129 627 343 892 551 553 558 575 642 430 328 864 204 199 606 896 346 891 191 169 413 438 420 1176 320 588 668 385 481 487 675 146 873 401 633 654 662 697 899 596 398 434 559 432 884 802 660
107 487 269 3 321 29 154 6 452 11 391 56 128 666 187 288 293 415 10 373 155 439 542 111 284 440 550 161 339 468 553 430
108 163 59 356 367 259 311 240 129 482 39 52 132 291 198 323 62 174 146 121 157 249 49 233 357 365 128 195 102 214 213 40 138 386 44
109 46 27 336 53 240 485 20 128 6 421 72 54 482 314 8 57 601 103 259 594 277 484 425 489 341 207 373 3 65 18 490 56 312 625 497 151 622 244 25 111 441 444 284 493 496 929 89 91 92 73 88 527 1199 195 347 66 539 272 124 176 266 267 335 270 289 290 380 443 428 535 233 182 546 224 1005 422 238 239 299 1034 292 1036 282 287 231 265 268 271 451 379 453 427 522 382 498 120 196 315 602 354 968 807 59 430 355 664 797 717 649 305 199 848 146 220 237 358 582 613 334 618 370 214 318 166 502 511 529 685 845 585 388 834 175 194 896 367
110 410 134 256 55 137 507 571 433 510 444 705 560 529 530 533 439 27 551 1179 409 666 968 523 388 628 1083 764 821 1180 642 34 755 685 796 584 1031 1181 557 885 329 588 633 753 652 909 614 882 1318 591 656 1264 970
111 59 61 638 410 365 293 336 163 65 493 53 54 341 55 496 485 391 347 482 484 425 489 492 499 562 491 625 510 513 508 461 514 63 516 671 393 523 517 89 91 92 318 527 521 64 738 251 411 534 250 663 555 758 90 563 549 938 831 859 547 879 627 532 407 470 1083 1183 412 628 849 1013 737 739 84 1023 826 746
112 727 712 723 1160 917 719 1324 1187 1213 1080 840 988 1037 1188 650 992 1339 1393 1058 946 895 646 1414 1337 1312 1322 784 955 1184 945 883 1153 724 1088 1189 1336 783 1094 1283 651 1300 1096 1084 1328 1374 1193 725 1020 1248 966 1327 934 1341 1343 943 1132 790 1101 1073 1297 1405 653 948 1124 987 1004 1085 1259 1043 1092 1040 994 1006 1279 1209 789 791 1099 1214 769 944 733 1100 1038 801 1272 857 986 1060 1178 947 991 1262 1314 771 1387 1260 972 1293 1344 1163 969 1110 1384 1415 1350 1154 1079 1307 774 805 1235 1109 910 1045 1074 1352 1041 1065 1319 728 1039 1210 1046 1413 748 1333 1302 1357 1348 1108 792 1104 1177 1346 1059 1326 982 1239 1349 997 1116 1103 1399 721 1169 1081 1047 778 1397 1416 782 1119 1230 852 853 1417 961 1418 1342 649 1143 1347 1093 806 1076 656 854
113 288 567 458 572 612 578 561 280 795 329 716 590 753 803 654 804
114 109 93 4 54 207 225 224 285 197 105 134 256 284 161 56 565 337 244 364 172 452 436 366 339 384 288 507 173 636 204 208 743 456 738 386 295 250 389 458 530 515 550 144 89 553 431 331 1228 410 341 334 679 716
115 109 112 206 75 16 26 217 4 23 196 35 110 72 70 33 415 69 30 209 213 494 186 28 19 397 417 118 100 224 310 103 3 45 283 413 566 242 288 281 25 211 507 269 219 377 436 15 455 525 308 284 421 244 12 139 89 91 92 568 178 530 578 127 375 423 462 359 636 173 324 407 456 150 111 441 444 579 128 280 565 569 334 258 18 460 716 693 596
116 244 339 754 342 571 518 398 461 572 92 1005 897 527 1002 428 578 1070 745 663 358 573 841 626 66 90 831 465 1053 628 1228 627 430 559 470 1016 1183 558 419 694 1025
117 369 330 286 67 151 76 9 42 16 7 69 5 234 18 11 361 277 23 415 110 327 70 95 12 113 3 413 244 440 284 319 526 403 458 408 241 381 111 441 139 161 135 405 462 714 445 400 449 456 431 678 469 328 280 473 475 709 550 476 258 689 474 701 120 353
118 846 491 927 341 827 659 89 503 505 756 137 562 175 344 418 284 506 342 811 754 245 91 747 181 814 461 402 758 743 1002 516 737 757 623 92 938 624 514 472 897 30 820 698 848 1182 1052 738 815 251 849 250 745 663 407 626 545 563 244 135 139 691 465 1015 850 56 364 90 1129 549 831 905 558 628 1217 471 400
119 143 342 86 765 411 521 557 897 929 529 533 849 534 640 412 559 758 89 1005 180 756 516 764 613 968 1032 215 125 337 821 252 618 1025 1222 1037 895 976 1262 984 596 715 1070 1190 873 1379 909 1382 730 1428 975 1348
120 134 310 244 337 284 377 162 387 567 421 60 525 459 3 446 288 544 111 578 457 636 130 458 394 217 10 714 400 468 409 20 23 559 642 466 688 328 548 474 330 399 94 258 662 572 294 236 596 594 971 696 413
121 100 208 330 397 53 78 32 404 377 10 150 211 54 57 80 365 19 373 196 274 341 224 46 28 388 356 396 194 133 369 146 8 350 306 310 18 625 56 364 366 384 386 389 410 391 393 565 455 343 413 340 269 232 339 59 61 638 63 65 7 244 507 181 175 135 183 177 345 411 284 94 111 441 444 283 313 540 555 559 553 409 359 394 1183 328 525 89 91 92 291 423 438 527 550 574 475 121 352 126 122 452 399 309 400 346 699 693 51 842 342 30 927 811 1287 1286 320 442 670 697 172 139 161 799
122 404 455 287 57 377 414 212 507 436 343 248 413 181 443 510 269 1054 758 246 340 283 516 793 929 519 1005 348 535 1070 394 537 1023 540 573 257 533 548 400 556 574 845 473 669 885 432 976 434 1372
123 502 519 527 1070 539 968
124 461 506 625 636 456 245 758 1002 89 698 1052 348 847 1023 663 1013 745 66 1015 400 924 628 431 739 629 252 688 328 561 574 906 705 84 669 476 839 716 697 689 432 842 749 696 706 761 342
125 105 404 175 86 58 89 625 461 515 510 671 514 441 517 927 516 92 624 527 828 93 815 533 529 738 251 1052 663 744 745 746 250 1023 710 344 407 810 1002 555 309 546 563 1015 90 66 465 547 400 831 531 627 628 829 818 1228 739 561 1009 470 1016 84
126 608 179 609 1051 933 331 795 1010 443
127 137 625 541 1054 743 623 938 89 91 92 505 1002 527 841 848 698 1052 738 251 744 671 1023 510 831 850 558 822 418 815 628 342 927 1393 250 1228 892 563 90 470 1183 750 694 829 1217 544 893 1016 740 902 1022 971
128 404 339 635 172 441 288 402 272 330 433 444 571 572 846 530 507 399 245 494 550 468 552 863 473 570 426 666 189
129 422 374 111 440 324 337 246 463 441 300 288 286 443 433 526 244 345 262 183 178 444 182 442 635 170 403 458 525 457 346 459 139 427 226 620 428 381 528 578 439 353 460 423 405 358 462 542 352 382 66 544 447 548 552 287 467 464 468 331 426 332 430 469 580 408 328 582 429 581 681 252 474 189 401 569 610 709 258 585 586 334 587 689 670 432 701 589 320 591 621 434 702
130 45 242 212 372 598 56 491 254 89 91 109 135 364 208 440 454 269 565 54 436 345 341 124 270 860 433 111 284 441 286 744 359 625 462 333 445 375 26 926 331 423
131 433 402 514 181 413 758 814 461 183 262 1002 517 223 757 411 346 737 92 457 139 375 841 938 528 698 536 1052 251 1023 407 537 538 714 66 1001 406 540 412 849 663 465 400 343 549 426 558 575 252 694 320 873 892 1082
132 532 297 861 819 534 1181 937 557 932 882 1164 1031 800 753 652 648 654 941 1264 1139 802 804
133 63 179 690 744 250 530 736 66 407 257 822 627 892 694 684 748 65 393 181 511 929 739
134 337 287 176 443 198 52 422 192 283 223 522 441 111 193 427 226 535 714 333 382 548 553 72 468 552 606 430 809 582 401 334 673 581 588 585 586 672 621 589
135 318 166 594 502 511 513 211 64 347 523 705 27 519 529 557 530 879 640 482 484 425 539 489 929 493 496 641 111 613
136 608 544 736 813 1137 714 556 1008 933 1051 1050 898 795 692 903 716 1010 904 1139 702
137 845 839 568 629 163 1188 823 742 1155 1315 1186 979 684 723 461 1387 669 842 1153 691 588 807 724 1225 1380 799 883 941 654 749 554 224 981 1014 1003 946 657 770 1131 1212 1412 1304 1262 1382 748 1341 1343 1373 1165 950 1278 1171
138 87 224 59 595 594 452 361 388 91 175 61 95 88 137 814 65 16 89 372 94 638 461 541 743 181 625 63 516 64 263 737 623 622 393 938 859 344 758 841 92 318 527 897 560 698 848 562 1002 989 1288 828 510 738 533 530 815 744 251 810 663 849 250 532 566 710 1001 248 820 626 1129 549 1015 546 563 627 1228 818 829 831 850 558 547 1053 892 531 470 739 629 1009 166 752
139 91 388 87 342 634 172 369 181 415 93 345 811 3 26 442 402 743 567 244 814 174 436 291 52 222 40 39 223 76 636 939 458 392 516 737 318 502 395 518 286 89 92 10 139 595 381 102 544 21 527 1052 579 462 309 14 4 848 560 533 859 460 446 441 444 850 129 152 146 1228 578 117 676 448 348 252 475 906 346 750 1023 561 449 555 694 691 714
140 55 814 505 758 516 64 1225 757 1002 527 560 1182 828 744 532 938 905 717 761 925 640 824 626 1404 880 557 612 663 1155 1066 1395 1377 1013 1269 1036 1034 641 884 964 695 826 649 1111 1051 1033 1389 915 834 981 613 1029 1014 718 1124 1334 1115 822 823 1278 1035 1149 650 944 762 1222 837 719 1187 976 615 768 945 1414 918 1080 1272 785 840 1094 1327 1325 1189 1192 1328 721 644 645 1213 1360 646 616 1203 1431 895 1188 1361 618 728 1265 1006 955 835 1073 1312 1020 935 1162 1362 769 949 1383 1344 801 1100 1378 1142 1039 973 1017 1028 771 948 774 1163 1065 782 1156 775 922 1239 1333 1380 729 1166 1235 1027 1167 1114 1048
141 814 461 754 516 737 758 625 560 318 859 166 897 502 511 533 529 744 251 347 745 537 545 539 1129 628 558 746 546 65 831 739 554 829 563 818 1009 520 629 470 175 1115 181 530 1083 1016 1121 547 849 1015 824 84 826 527 1183 613 710 514 523 822 823 750 419 177 250 90 752 669 825 618 248 1001 940 66 828 624 912 627 764 1228 893 649 1019 916 1018 817 1334 1393 1020 753 1025 738 740 1052 749 1217 938 1264 1072 801 590 986 1380 802 804 954 1003 949 913 1280 1002 960 555 1053 718 1108 1386 1163
142 123 203 43 336 53 49 163 20 56 129 128 93 364 366 54 384 386 389 410 109 391 393 39 160 88 174 562 25 827 175 73 89 341 21 435 51 58 76 367 370 342 311 506 927 22 198 306 625 91 411 623 325 421 346 811 195 938 624 92 368 356 307 57 143 103 698 387 390 571 214 240 47 236 365 1002 738 348 482 527 347 14 36 213 4 37 46 251 273 41 671 137 497 318 145 181 663 745 407 1287 412 746 626 309 510 452 520 493 183 537 546 515 547 6 549 516 831 484 1023 102 406 425 59 465 1115 470 629 1052 491 489 308 396 466 185 906 572 821 349 84
143 238 292 45 212 208 210 239 163 345 111 282 231 266 265 441 444 267 268 138 271 246 451 177 576 335 379 460 170 554 270 578 289 290 498 428 380 424 443 741 385 481 354 535 522 487 230 191 675 433 287 317 223 426 346 896 580 548 348 165 199 328 585 431 667
144 137 89 91 56 111 441 444 445 224 92 516 623 68 244 743 737 828 738 859 938 1052 163 815 698 251 531 848 849 746 407 744 745 399 663 560 1002 527 465 850 547 563 831 627 628 409 680 829 549 558 555 470 629 1009 1016 84 752 1129 419 1001 881 694 750 893 1053 940 903 1217 866
145 514 516 814 138 815 348 532 251 849 594 412 257 90 547 879 546 822 642 629 821 1183 545 1016 826 1129 752 906 419 669 816 1121 1009 684 796 893 633 753 607 432 1313 652 632 935 1019 749 715 590 801 686 825 658 806 1136
146 608 223 375 609 905 678 279 430 894 845 971 432
147 635 793 695 911 691 278 819 637 620 919 934 1212
148 437 155 121 32 135 452 518 417 31 245 514 565 345 284 415 112 351 172 278 636 268 244 111 463 356 89 441 91 212 567 601 436 461 348 404 92 375 456 339 444 570 30 714 137 331 66 458 691 442
149 747 757 1182 392 238 545 520 1083 239 826 271 602 451 379 906 603 613 199 453 498 204 150 685 822 522 618 427 533 382 582 823 669 797 584 686 1188 916 684 857 749 1019 607 597 935 709 347 687 801 1158 652 770 715 1072 1121 954 523 606 404 702 970 240 708 809 558
150 224 137 89 506 744 698 407 814 156 628 892 547 893 419 669 632 656 801
151 800 968 941 1208 602 603 765 613 1377 639 821 764 797 644 645 646 964 1056 835 1036 1034 840 712 723 785 1258 992 895 987 1190 916 990 1300 817 633 955 1099 1313 969 1336 1340 1040 1020 478 1209 654 1380 708 653 948 789 1292 1027 922 1238 952 1060 1289 1344 1038 1379 1107 1321 806 1365 1366 1114 1197 1305 1254 1390 1262 770 1250 1283 1064 936 854 908
152 277 155 306 138 6 208 163 0 56 89 146 11 22 42 8 143 439 80 253 40 39 52 10 251 250 157 362 93 168 103 18 28 31 307 242 75 121 624 912 284 285 91 92 892 122 126 352 94 119 402 62 518 367 308 196 185 506 375 278 38 634 7 29 309 32 67
153 794 436 848 717 1155 547 66 822 90 348 137 1217 555 488 1053 829 409 1009 470 244 505 1183 746 1016 906 530 750 902 718 837 669 940 1326 1150 796 301 1339 1003 1426 1393 570 472 4 748 740 948 1342 1350 798 1214 1187 1131 1194 803 1302 775 1410 1386 1165 807
154 517 690 609 813 227 905 637 795 1146 1139
155 883 748 649 769 1023 732 10 375 541 1016 563 90 181 175 514 849 698 549 27 346 89 92 180 342 927 811 624 1287 989 1288 737 402 251 714 584 572 573 505 344 810 281 242 55 814 493 496 826 461 312 277 367 418 859 684 828 1053 1019 516 560 533 629 669 749 758 821 412 715 56 364 366 384 386 389 410 391 393 411 554 754 1014 671 841 1017 756 747 757 558 111 441 444 248 419 801 8 46 1009 750 827 659 1182 545 743 1011 1228 815 740 506 628 893 57 622 318 166 502 511 529 839 84 938 1121 540 244 848 510 224 739 167 513 521 534 1083 625 623 1129 626 543 820 1131 881 761
156 737 828 348 532 744 251 520 343 506 622 111 624 527 441 472 525 465 797 1009 330 570 654 916 857 1158 320 800
157 619 717 613 950 915 760 932 925 1140 1056 1007 1174 316 649 1199 718 812 1008 861 614 1339 1050 963 918 1312 1327 1325 720 1318 1409 723 724 1020 1292 931 641 1238 1265 951 195 956 722 616 1054 881 1097 731 954 1030 1164 1277 1017 958 992 1264 784 1194 728 751 867 868 869 870 901 1083 1031 708 1236 1090 1231 1302 1367
158 347 365 89 91 92 342 927 811 624 472 461 318 166 502 511 516 560 1182 754 828 529 533 738 625 623 532 698 815 849 250 412 710 626 545 465 555 831 510 892 558 627 629 669 684 1019 740 652 749
159 460 198 38 595 118 16 139 91 415 101 255 178 305 89 578 598 277 353 74 310 121 73 375 232 422 437 105 115 421 714 319 306 549 663 116 245 161 1052 79 133 187 114 224 103 358 32 469 1217 332 471 473
160 227 637 680 1051 933 898 1050 1146 903 716 1139 662
161 497 482 484 492 499 489 1005 1182 166 529 822 1313 1131 1031 1033 1000 1297 994 1264 1071 1283 852 802 1226 944 804 1130 910 983 1035 909 1304 806 1388
162 932 1205 905 1409 1318 639 931 1026 1159 1155 902 1400 641 616 34 614 1191 1201 941 1394 1031 1423 647 886 1132 479 1229 557 504 654 630 953 882 707 1238 648 1160 1027 949 1251 1291 751 1095 1266 631 599 512 1067 1117 780 1408 1412 661 1313 800 1141 1378 1236 1128 1194 376 1054 1140 830 929 861 974 1231 296 1211 1145
163 523 485 513 318 166 502 511 529 367 493 496 59 61 638 63 64 532 497 482 484 489 425 508 534 521 56 364 366 384 386 412 389 410 391 393 411 347 365 539 968 530 1154 821 826 613 618 684
164 626 318 166 529 497 968 490 845 640 482 484 425 489 492 821 34 822 1052 1159 499 508 765 881 521 1174 717 1009 826 538 534 823 347 628 892 850 865 316 652 643 547 935 419 801 715 552 1188 644 645 646 653 657 1083 1241 1201 1254
165 1008 561 639 800 902 718 685 1164 723 684 1155 57 1153 724 955 652 944 629 653 948 935 708 941 749 715 731 840 748 784 1028 734 657 773 1304 1020 658 862 776 1107 73 1194 806 1215 1419 875 1216
166 907 849 1155 1012 710 626 367 545 465 516 560 824 533 831 830 1186 554 627 1217 818 815 547 892 978 845 1115 941 1005 1070 90 797 649 1208 1389 1026 765 823 767 1033 555 718 1286 976 1160 1025 1377 650 723 1326 837 1131 839 987 883 1003 1259 988 800 1017 1018 1149 945 1111 989 1190 834 1258 719 1328 1094 724 838 943 1313 787 1020 728 1374 946 730 717 1337 1098 983 1060 654 1153 1342 1233 1350 920 655 801 419 1210 697 1297 1373 974 1427 1118 1262 770 922 852 1419 1039 826 935 484 425 1379 769 804 1323 1162 1302 1055 1352 1348 1347 1036 1034 1353 1166 1168 643 644 645 646 1107 1425 653 657 806 1375 776 1089 1127 1241 784 1194 1354 1216 731 1197 895
167 277 139 1091 691 666 1204 665 361 211 890 1122 552 468 317 742 1123 668 914 677 1069 764 781 929
168 848 402 1182 737 250 1013 710 663 810 1052 1023 849 531 251 1001 744 55 491 506 622 560 89 91 465 698 92 624 1393 546 824 807 554 1217 717 912 1042 537 1053 818 629 1183 881 90 1286 981 1414 940 761 766 649 628 822 823 1020 1188 652 934 1334
169 1030 1180 824 412 551 547 316 764 6 629 1377 573 688 825 625 1025 1190 839 760 1044 900 669 654 1179 822 1199 653 60 1003 823 135 623 559 90 797
170 421 129 72 861 794 1030 950 617 1135 1199 1207 1225 683 509 1406 855 830 1077 1274
171 305 79 381 127 68 130 405 459 106 457 266 267 335 272 270 289 601 14 209 110 195 241 94 477 115 67 360 190 274 362 357 290 128 404 228 372 217 380 443 216 3 262 111 245 176 287 540 447 423 269 23 233 124
172 800 640 538 628 764 1083 613 315 602 603 881 845 797 717 649 941 612 65 1025 796 650 1003 900 651 817 654 653 642 886 1264 639 802 771 633 656 804 839 733 347 976 1372 523 832 971 1388 816 806 1206 1432 590
173 594 312 795 845 426 559 430 642 716 816 753 286 654 1264 802 804 589 596 633 590
174 745 573 639 1008 800 886 924 1174 764 1377 649 1035 1033 618 762 763 650 900 768 669 857 917 1241 1020 1193 1151 708 980 1192 1027 1131 1036 653 1101 840 1178 1215 837 920 1344 798 1177 1017 730 919 1092 1098 921 1169 974 852 770 1260 771 960 1142 874 1212 853 1114 1413 1435 1353 1108 1152 1147 1166 1248 775 1044 1168 778 1278 786 1103 1424 1390 1249 1302
175 828 537 622 530 163 663 558 839 726 845 419 387 1015 1217 992 390 1283 746 999 885 713 717 945 571 902 1017 432 572 649 946 903 573 697 981 740 551 1024 938 557 1400 1014 1006 84 584 1022 784 1096 761 1347 1042 766 1260 834 1372 769 1416 1113 866 883 1082 1373 772 180 1215 1301 801 1101 1043 723 656 963 980 1318 1271 1105 760 1073 983 779 734 1026
176 620 1051 933 898 795 1138 1146 903 1010 904 1139
177 911 643 1036 644 612 941 645 616 764 613 936 646 717 765 1262 838 727 1033 1370 1026 1155 902 1159 979 618 839 718 822 823 650 1389 1226 647 1037 1265 1326 1327 1325 963 1242 1232 719 785 1094 1259 917 784 895 722 1341 994 934 909 1418 955 1193 1006 982 789 653 733 1331 1098 801 657 735 986 782 1192 1163 600 1304 1346 805 1352 1045 1147 1378 910 1046 1108 1348 1365 1244 1167 959 1063 1356 1168 1223
178 848 626 1037 916 817 1124 944 909 654 1000 837 753 633 653 657 1189 1401 973 1142 956 1003 722 952 958 1005 1070 1190 1261 1131 949 773 801 1187 1192 934 919 981 1014 732 1319 1212 910 769 1348 651 1378 1149 733 974 771 1410 883 772 1363 1386 993 1352 1353 1168 1153 1144 1171 1365 1366 1369 775 1151 1152 877 1120
179 880 1186 767 845 612 762 1217 760 1159 1053 978 871 905 602 603 1083 902 1404 505 981 1014 1012 649 1400 764 1389 1026 717 823 1270 915 615 836 989 1185 1229 1334 718 618 834 976 1160 763 786 962 943 987 963 988 946 1262 723 883 1037 1326 1339 1003 1288 990 1124 944 1110 1149 839 1272 1088 840 1189 945 1259 934 1276 730 1300 1094 724 1150 1426 640 918 1312 1020 1401 1193 728 726 1313 727 1096 787 712 1380 789 790 1033 1021 1098 948 983 1215 1331 1153 788 733 1344 994 1280 1233 919 1383 1415 792 852 1038 734 655 952 1103 1372 1210 1192 772 1260 1320 1163 1187 1350 1342 959 1105 1317 1319 1314 761 766 916 960 1172 1302 1072 853 769 1348 1336 1040 1209 1340 1106 1234 1062 1151 1269 1308 1152 1148 1310 1165 1321 1421 1104 1127 1047 806 771 1125 1347 949 1375 1386
180 637 795 898 1138 903 933 1010 904 1139 911
181 977 865 1273 1378 748 1079 687 731 1262 1060 1341 1343 770 1192 1212 804 1295 1432 1398 1214
182 1237 894 51 879 161 25 23 334 872 664 479 888 297 530 426 1032 429 911 283 1201 755 123 9 55 1229 208 1395 452 1224 885 588 129 432 670 800
183 800 65 968 638 530 1007 482 484 91 92 425 767 489 645 643 1034 964 629 1162 683 259 821 84 849 613 797 826 1286 505 1393 1270 1262 367 834 835 768 618 825 1056 816 764 1111 502 532 1370 969 684 1283 627 1190 838 1188 973 1189 1019 1000 817 652 1313 955 1401 1020 1389 1027 981 935 837 1131 948 1158 913 653 733 976 909 1012 1092 952 1014 1035 419 984 749 731 1327 1124 1325 944 730 1363 954 657 770 655 986 1151 720 1373 919 1372 1039 1211 1036 771 724 957 656 772 1017 786 1212 1126 1163 1297 1379 1316 1085 1086 805 1319 1115 996 1304 1339 1382 775 732 862 1302 967 1062 1219 1018 1165 1321 1114 1311 1245 1141 1037 1107 915
184 843 613 764 933 900 903 709 857 976 1158 973 952 770 954 662 804 1126 1382 1010 998 806
185 365 912 613 830 1286 554 794 530 1262 519 618 570 650 755 825 987 649 6 969 900 973 1178 1000 922 952 718 731 1177 1238 719 1378 852 1142 770 954 1151 959 730 1098 1101 1102 994 995 963 1337 883 640 656 1126 1339 1328 1331 1212 1027 771 1403 1244 853 909 1058 1255 972 1302 733 1382 1108 1243 1152 945 1055 1416 1371 1314 840 1153 1167 1437 1417 961 1166 1349 1295 806 1358 1220 1144 1305 997 1247 1304 1197 1433 774 1239 1246 858 854
186 906 584 973 768 976 1151 935 1297 949 733 909 1326 952 731 715 1124 657 1039 1372 651 773 944 1126 1212 919 1304 1319 1147 1378 1321 997 1107 875 1144 1305 348 65
187 767 1296 639 963 641 978 930 1140 942 1031 931 929 1004 946 718 1336 1271 1242 712 651 1213 1414 1340 1189 631 1202 1153 1299 1227 1095 1329 519 953 1387 1300 1101 959 852 1229 1164 782 1169 1094 1078 1236 1165 1044 1283
188 647 918 1423 1312 1394 1218 1033 932 1179 1276 1345 751 1402 631 683 764 1263 1030 661 1409 1318 1207 1196 1236 1412 769 1348 1071 1425 1421 974 782 1365 1366 1112 599 1032 1211 1313 800 383
189 1091 1412 1176 328
190 469 334 709 476 447 475 464 101 426 359 280 597 467 400 676 474 92 413 11 241 694 449 971 326 689 596 697 687 702 706 592 808 603 703
191 1003 1036 786 1031 1162 643 644 645 646 761 783 723 1131 1109 1034 493 496 964 727 987 826 1374 936 824 955 1068 1084 947 724 880 1057 1029 766 717 834 965 653 935 1271 917 649 869 733 1330 1405 870 1336 632 951 1133 931 647 1394 764 930 932 482 872 948 1251 419 844 1072 1099 918 1312 1289 1013 1215 857 1158 792 731 655 946 613 618 954 1281 1038 1327 1325 720 1316 1290 956 722 1373 1269 1142 59 1420 1100 61 638 63 64 532 652 782 1095 1243 959 958 1260 342 530 365 318 166 502 511 529 685 883 1175 774 1074 972 1008 822 823 1188 1393 1403 1261 1019 1404 981 1014 732 1235 1020 1128 1397 1352 874 505 1199 1045 1219 967 1212 1304 1141 1239 484 425 489 600 1049 492 499 508 895 1365 521 1355 1353 534 1083 708 1333 974 1114 1166 65 513 515 1168 1221 1107 594 347 523 658 516 1189 1119 1246 840 1197 779
192 279 916 717 1124 944 800 612 570 1031 633 1000 653 1264 657 919 802 770 941 771 971 1126 804 696 803 974 1319 1147 910 1304 1348 1388 956 1107 674 1371 1432 1240 722 1305 833 646
193 963 719 649 723 837 1149 976 717 883 1088 902 1400 1271 1203 1230 718 1431 726 727 783 1328 725 1339 945 1360 1110 724 1020 1361 1209 1085 951 991 974 1115 1362 955 643 729 1331 983 1151 1101 1215 959 788 1368 1300 1257 1059 1436 1038 1357 1156 1233 655 921 1381 1293 769 1363 1306 733 1415 986 657 519 1036 1384 1039 1102 734 735 1117 1162 780 782 1372 1277 1236 1118 1314 1301 1411 916 1438 801 771 774 1327 1086 773 1074 1294 1163 1092 1347 1332 1169 1364 1261 1397 1161 1244 1017 992 1307 1403 1346 805 1221 1304 1428 975 775 1416 1113 1045 1239 1355 1198 1046 1348 1435 1029 1234 632 910 1106 1413 1353 1365 1333 949 984 936 923 1253 776 1167 1356 1168 851 1437 1063 1143 1386 1047 1107 1164 602 603 1173 1351 1358 825 855 1223 1112 1359 1089 778 777 1366 1124 1432 1246 1194 1119 856 1408 779 493 1216 1305 1309 928 1390 1249 1171 1211 1254 1252 1303 960 1349 1072 1127 1376 1064 834 1285 731 908 600
194 1031 482 315 484 461 472 489 492 367 59 61 638 65 63 64 532 1135 499 510 652 1199 1023 92 425 342 927 811 966 684 1174 1396
195 1232 1079 1298 1154 1032 969 1242 978 519 751 1402 1186 1237 707 1195 1238 868 1407 962 966 1394 901 1202 1132 867 870 632 1164 929 1291 1175 1141 661 980 1030 1117 974 631 1095 953 931 986 599 1205 1201 639 1274 614 1071 1171 1222 1165
196 1077 639 296 872 1296 1071 611 1299 1273 1164 367 684 1242 1232 1298 932 1310 1181 683 957 1407 1378 1195 519 953 1266 1267 1222 880 1423 978 871 1128 830 822 823 1188 1219 920 867 869 1200 531 1275 705 1199
197 718 1339 987 1150 1426 720 1187 934 730 1341 1209 723 724 1276 1020 1330 652 1279 787 1027 789 1374 717 783 948 1151 949 895 1098 922 951 733 974 773 719 1328 1331 1289 641 1344 1157 1078 1427 1038 973 952 1290 655 1194 1357 1283 954 1039 734 770 1030 1306 1101 959 1102 1087 1282 1277 1103 1142 1314 771 972 1074 774 1163 1126 1161 1244 1104 1221 805 1352 852 853 1219 1398 782 1049 1389 1302 1239 1355 1046 769 1113 1382 1348 1108 1100 1234 1353 1114 1236 1333 1410 1351 1166 1354 1045 1061 1165 772 1168 1437 1047 1397 1253 1076 1422 1358 806 1048 1173 1198 1375 1112 1089 778 777 1246 1284 1399 721 1119 779 1171 876 1170 1303 1254 643 1377 1120 854 1064 1391 908 1430 1268
198 771 733 1328 1403 972 1049 1196 1044 1385 991 1413 1365 1392 1166 1239 1333 1148 1198 949 1410 1304 1346 1125 1119 1047 1358 989 1171 1390 1424 875 1241 1369 1349 1434 1245 806 878 1168 1376 1429 1366 908 1375 1173 1114
