24 0
28 1
37 2
92 3
113 4
142 5
144 6
154 7
160 8
161 9
169 10
196 11
206 12
213 13
231 14
233 15
252 16
265 17
272 18
287 19
347 20
349 21
400 22
407 23
424 24
435 25
481 26
492 27
643 28
697 29
700 30
729 31
781 32
850 33
958 34
1015 35
1043 36
1068 37
1246 38
1275 39
1284 40
1420 41
1537 42
1595 43
1750 44
2061 45
2383 46
3048 47
3054 48
3106 49
3690 50
3785 51
3860 52
4163 53
4296 54
4346 55
4415 56
4464 57
4465 58
4489 59
4813 60
4843 61
4850 62
5194 63
5263 64
5425 65
5976 66
6139 67
6321 68
6541 69
6614 70
6704 71
6716 72
6768 73
6784 74
6793 75
6848 76
6856 77
6977 78
7053 79
7078 80
7273 81
7994 82
8183 83
8352 84
8427 85
8477 86
8512 87
8690 88
8799 89
8816 90
8967 91
9159 92
9295 93
9463 94
9533 95
9685 96
9739 97
9918 98
9986 99
10060 100
10255 101
10478 102
10891 103
10986 104
11050 105
11338 106
11450 107
11487 108
12074 109
12203 110
12208 111
12370 112
12536 113
12550 114
12653 115
12668 116
13713 117
14179 118
14819 119
15028 120
15230 121
15544 122
16119 123
16169 124
16268 125
16326 126
16334 127
16377 128
16595 129
17046 130
17206 131
17212 132
17561 133
17847 134
18373 135
18505 136
18648 137
18773 138
18794 139
18922 140
18996 141
19075 142
19305 143
19425 144
19717 145
19733 146
19857 147
19945 148
20159 149
20228 150
20374 151
20422 152
20607 153
20841 154
21074 155
21274 156
21523 157
21651 158
21761 159
22090 160
22247 161
22512 162
22732 163
23435 164
23814 165
24373 166
24491 167
24599 168
24985 169
25169 170
25390 171
25507 172
26047 173
26501 174
26575 175
26832 176
27364 177
27959 178
28153 179
28421 180
28735 181
28744 182
28906 183
29394 184
29588 185
30139 186
31204 187
34246 188
34658 189
35738 190
36352 191
36447 192
38614 193
38918 194
39237 195
40578 196
42644 197
49593 198
